% # columns="iteration, evaluation, sigma, max axis length,  min axis length, all principal axes lengths  (sorted square roots of eigenvalues of C)", seed=769447, Thu Nov 23 14:35:31 2023
1 9 0.09893273964473287 1.0000416675347343 1.0 1.0 1.0000083333680556 1.0000166668055563 1.0000250003125026 1.0000333338888951 1.0000416675347343
2 18 0.1326884341178449 1.1465192061692213 0.9278926402774591 0.9278926402774591 0.9518045267771931 0.9866423137212468 0.9954129611127567 1.0087151198469184 1.1465192061692213
3 27 0.1727447026542948 1.335168121430191 0.8603894284498702 0.8603894284498702 0.9498159458927726 0.9680820765861129 1.0022746068797195 1.019836290209872 1.335168121430191
4 36 0.22349479823986854 1.3103627179240431 0.7898164476228342 0.7898164476228342 0.9642049841835735 0.9713832081912296 1.022016459418994 1.0946593399628302 1.3103627179240431
5 45 0.24659352972809329 1.3785309736109939 0.7586115801022068 0.7586115801022068 0.9004789202148364 0.9750239650472299 1.0298065396517566 1.082892122101336 1.3785309736109939
6 54 0.29246490771203343 1.3292755726906793 0.7331741584834766 0.7331741584834766 0.8857528488792847 0.96495446487375 1.0614816752840828 1.0895011546348161 1.3292755726906793
7 63 0.3328240102726892 1.3981489448651743 0.7181133218759241 0.7181133218759241 0.8113752605507317 0.9626352111578089 1.0483356441219716 1.1797972179662624 1.3981489448651743
8 72 0.3958848658294521 1.4991144504016067 0.7319593381512022 0.7319593381512022 0.7406669522989789 0.9492596766768562 1.0149228034845184 1.168566028451545 1.4991144504016067
9 81 0.43260316862240406 1.5332823215164313 0.695885134947714 0.695885134947714 0.7316173783955527 0.9496246631861618 1.0343791806592062 1.2056024541472865 1.5332823215164313
10 90 0.4448316822930563 1.400656094685625 0.7000948449685942 0.7000948449685942 0.7469385559614424 0.9357235722877668 1.0475022007778572 1.2338168503639235 1.400656094685625
11 99 0.49269906962158233 1.3771918451670313 0.6632789193745117 0.6632789193745117 0.7715210325198008 0.9067203036580662 1.0687551820751091 1.2540004559887943 1.3771918451670313
12 108 0.448898658526689 1.4064063715995465 0.6118708834608995 0.6118708834608995 0.7670545710556209 0.9582040340349539 1.0476963149413643 1.2890902408326943 1.4064063715995465
13 117 0.37528144578244704 1.4320605869707266 0.5984162719290517 0.5984162719290517 0.7115897960584808 0.9258799724883838 0.9594446917446922 1.2911225009108531 1.4320605869707266
14 126 0.35576686430521604 1.431201097522872 0.5552497501510227 0.5552497501510227 0.7012062651000956 0.8804037587385547 0.9201283995822991 1.2884778239022308 1.431201097522872
15 135 0.3452323575850314 1.417981732736639 0.5197683140769288 0.5197683140769288 0.6910916377797003 0.8721703560378556 0.9161988590879935 1.2892373428091002 1.417981732736639
16 144 0.3582671241756365 1.3863241064580516 0.5227017786147521 0.5227017786147521 0.6536946656451036 0.8371503432910111 0.9344151697701544 1.2841911287459071 1.3863241064580516
17 153 0.3342751567894077 1.4586370997061753 0.5208311936492146 0.5208311936492146 0.6056615754196386 0.7932082615574736 0.9563265153446368 1.2969228818555527 1.4586370997061753
18 162 0.40083968068316805 1.4703292317980556 0.5046972020508044 0.5046972020508044 0.5809340395053486 0.7317133235989618 0.955218837675687 1.2757966703929866 1.4703292317980556
19 171 0.46054286716071485 1.6970148007160049 0.4903104997000723 0.4903104997000723 0.5673161342495535 0.7862346151714616 0.929107124875259 1.231941545875046 1.6970148007160049
20 180 0.4548775897331038 1.7993482172915973 0.4937010962046933 0.4937010962046933 0.5818653677695881 0.7583847543091734 0.902580952480874 1.21713675355164 1.7993482172915973
21 189 0.46072430665786995 1.723046987832496 0.478953871046615 0.478953871046615 0.5614218314086085 0.7420583657121752 0.8906842276522302 1.220660318494708 1.723046987832496
22 198 0.505315877100194 1.6466817236378968 0.46543134917846357 0.46543134917846357 0.5777937425129 0.7404309595584884 0.9048753575423356 1.18782188613857 1.6466817236378968
23 207 0.5610825593145008 1.606173080148339 0.43994304539389145 0.43994304539389145 0.630126463645538 0.7288246877100477 0.8989343947084066 1.2654574524735709 1.606173080148339
24 216 0.6366451674113096 1.5708492311108002 0.42314541188192445 0.42314541188192445 0.6377877689138747 0.7891189844428264 0.8989164039729799 1.2278114320812978 1.5708492311108002
25 225 0.584982189223014 1.505867726058634 0.4024184662499728 0.4024184662499728 0.714844685627087 0.7945647392411296 0.8846775966699658 1.2289762134005464 1.505867726058634
26 234 0.5510974189546164 1.4299055256633257 0.3994540926787536 0.3994540926787536 0.682332540174579 0.7796549639303125 0.8564154455496652 1.2568714721392389 1.4299055256633257
27 243 0.522202557927915 1.405598193324322 0.40114395181813933 0.40114395181813933 0.6541807399310647 0.7414025467569215 0.8978606336915976 1.2001289433326368 1.405598193324322
28 252 0.5205439258832075 1.3355215597858412 0.3752178076061718 0.3752178076061718 0.6715197538332479 0.7513772654919194 0.9209211242860604 1.1515784436813488 1.3355215597858412
29 261 0.44066820988787997 1.3051236142378595 0.33942568138844137 0.33942568138844137 0.686979483066894 0.7578328671970911 0.9177566161057851 1.142224559033869 1.3051236142378595
30 270 0.45689377767099953 1.2918832697668552 0.3252145713110695 0.3252145713110695 0.6713297883150736 0.7735046229593796 0.9060018887321359 1.0881678321762185 1.2918832697668552
31 279 0.400956258798931 1.3152686887114466 0.31605207018778875 0.31605207018778875 0.6362091223385486 0.79763248022296 0.9388396555107261 1.1138220790017388 1.3152686887114466
32 288 0.3798846782387792 1.2775900319775526 0.29234984252336516 0.29234984252336516 0.63429299140636 0.780898404491732 0.9252449448346339 1.1645688880807474 1.2775900319775526
33 297 0.30716839316984057 1.2911865005073708 0.2678826615539802 0.2678826615539802 0.6125961909427915 0.7739825532998483 0.9193727391432538 1.1878572992234027 1.2911865005073708
34 306 0.297089135022025 1.2756024432913589 0.2398208287190802 0.2398208287190802 0.61051559149371 0.7657076186879123 0.9127756964897641 1.1388709824717937 1.2756024432913589
35 315 0.30468715768558213 1.3151168588931872 0.2402505270148143 0.2402505270148143 0.5469774851514525 0.7877908066444326 0.8995272561168732 1.0992622972290265 1.3151168588931872
36 324 0.31797521804271833 1.33311254129933 0.23415965143495257 0.23415965143495257 0.5301364905791814 0.7599865644826279 0.9348278947499568 1.1035385661454107 1.33311254129933
37 333 0.2879186895379915 1.431205329641708 0.22507715565524644 0.22507715565524644 0.49710778170878156 0.7499943667635611 0.9052177223099536 1.1123377778116221 1.431205329641708
38 342 0.25545867216749213 1.4228878553822173 0.20872244714988233 0.20872244714988233 0.4945845519641089 0.742568446712901 0.8537839243771528 1.1053825100304093 1.4228878553822173
39 351 0.2145421773400294 1.397785495852861 0.2023811563182174 0.2023811563182174 0.4854037500728077 0.7174176444406745 0.8258969920723395 1.0890583893557373 1.397785495852861
40 360 0.19336669323752292 1.3841697032666231 0.18551030753478395 0.18551030753478395 0.48584477639827595 0.6846720260449198 0.8172389248643428 1.0516220915802348 1.3841697032666231
41 369 0.19272138719886375 1.3898291789221988 0.16928963173006234 0.16928963173006234 0.48659538233281385 0.6904045049789805 0.7630590628330864 1.041136110831665 1.3898291789221988
42 378 0.1619539280499046 1.3953348073525311 0.1617912373156555 0.1617912373156555 0.47470095810972324 0.699518637442593 0.7239216057215615 1.1117484949705203 1.3953348073525311
43 387 0.14071587968508237 1.4124641713313482 0.15460193320544185 0.15460193320544185 0.47495155320664706 0.6662381673625254 0.6984932079050058 1.0787715381011487 1.4124641713313482
44 396 0.13200876178527376 1.3940244289090569 0.14842124043907617 0.14842124043907617 0.45002835661294976 0.6658068810773916 0.6689520535562133 1.0613966889799837 1.3940244289090569
45 405 0.11125863568277015 1.3954255811343226 0.1460600197801469 0.1460600197801469 0.3974556321340408 0.6501347642471396 0.7058386716612662 1.0523946319858555 1.3954255811343226
46 414 0.10364835751191359 1.3941355108240343 0.14190938137340767 0.14190938137340767 0.3843500978249191 0.6587790216650234 0.6916077495745999 0.9481666771184802 1.3941355108240343
47 423 0.09771693056006736 1.303208513855328 0.134535008123704 0.134535008123704 0.37999140441850643 0.6414974702811143 0.6715086690322924 1.0226813283054768 1.303208513855328
48 432 0.1152684193810126 1.3256965158392298 0.12876584022597867 0.12876584022597867 0.37095630476355146 0.6198384612846087 0.6745819634147732 0.9906057846742502 1.3256965158392298
49 441 0.13766691914181145 1.3105863448626027 0.12734815751354253 0.12734815751354253 0.3494745373259134 0.6256336373079664 0.7386082481507512 1.0244725085669306 1.3105863448626027
50 450 0.13257880387470874 1.312658205207471 0.12267304346210565 0.12267304346210565 0.34593069459308184 0.5632898698348396 0.824857267207996 1.0546083687155339 1.312658205207471
51 459 0.12860941542453452 1.3029572827597617 0.11749414928803745 0.11749414928803745 0.3342731401622005 0.5546036534466318 0.823772722637583 1.0458527765856567 1.3029572827597617
52 468 0.11097341889759754 1.3605985322821474 0.11350768848182954 0.11350768848182954 0.3224850581014326 0.5518909651105282 0.7843720247845435 1.0403723138704442 1.3605985322821474
53 477 0.10803803447459559 1.336189210055352 0.10027285053546846 0.10027285053546846 0.3303520327953262 0.5277027711224096 0.7816056432093847 1.0245047912525727 1.336189210055352
54 486 0.10943343405434722 1.4151096092831559 0.09030487809217906 0.09030487809217906 0.3259267104299844 0.5453466666220782 0.780750562605804 1.0126565337793367 1.4151096092831559
55 495 0.1215172372447821 1.4789888066645656 0.09082108225418382 0.09082108225418382 0.31010509977850387 0.5043535279799759 0.8206437837920408 0.9898868644269346 1.4789888066645656
56 504 0.15729767667210634 1.6414523195416384 0.08898155506624367 0.08898155506624367 0.29318032383277187 0.5107283046672287 0.802923931582514 0.9557098289859851 1.6414523195416384
57 513 0.18484004375631338 1.7913576554870763 0.07637515351781267 0.07637515351781267 0.2911617656061285 0.5355846599496709 0.8409976654807257 0.9428553880694849 1.7913576554870763
58 522 0.18698902842326956 1.804654028172839 0.07128183121464682 0.07128183121464682 0.2825348427015578 0.5653182025663734 0.815069318326088 0.9469046760138844 1.804654028172839
59 531 0.1882850116597886 1.7620571981215158 0.06915179851080291 0.06915179851080291 0.2751052895867818 0.6050500517769385 0.7499532233206304 0.9460040429311521 1.7620571981215158
60 540 0.19200783988889514 1.7498812539614854 0.06434330541064098 0.06434330541064098 0.2696812575624469 0.5898910247393467 0.7647052009931223 0.9457809158015658 1.7498812539614854
61 549 0.20029237289233384 1.8076244063371936 0.06329856882269051 0.06329856882269051 0.26217920514696025 0.5668572585126732 0.754561228107667 0.9054782243951403 1.8076244063371936
62 558 0.1869222153070778 1.871677659499055 0.057188827904237925 0.057188827904237925 0.2540206349521255 0.5601260979505355 0.7691861808634813 0.9056858277207418 1.871677659499055
63 567 0.17455135176695769 1.9445843465383668 0.05665548478504349 0.05665548478504349 0.22898244521263159 0.5453921782490873 0.7395492257724333 0.8903045587361312 1.9445843465383668
64 576 0.1710288358619519 1.8837378080453933 0.05461006210473921 0.05461006210473921 0.2235102831894846 0.5216982384165562 0.7187176892980436 0.8980996313338707 1.8837378080453933
65 585 0.16933931480077946 1.9387241458065942 0.04965330099626798 0.04965330099626798 0.22529610215942913 0.5121750925282726 0.6520528631202158 0.9223355196526823 1.9387241458065942
66 594 0.1704123672523613 1.9865672029888328 0.04680478792471087 0.04680478792471087 0.20144802308653403 0.5320757653102319 0.6611661298179836 0.9252111251915311 1.9865672029888328
67 603 0.15599287248399601 2.0704191884110448 0.04315778336992068 0.04315778336992068 0.20004344140758307 0.5253360973188871 0.6745429028962333 0.9454434034784083 2.0704191884110448
68 612 0.14986762677047416 1.9042520348731493 0.042947683754774 0.042947683754774 0.19635782996679124 0.5110563495773781 0.6952104514125965 0.9408158530766727 1.9042520348731493
69 621 0.15150474545699694 1.747622457644875 0.0421463752158777 0.0421463752158777 0.19812073142288852 0.51004801983728 0.683573984059055 0.9385872844888438 1.747622457644875
70 630 0.14055160157814467 1.6898260924766575 0.04189895320598586 0.04189895320598586 0.191499714103457 0.5432037662512339 0.6331582708639788 0.9440074417833806 1.6898260924766575
71 639 0.1368808979461171 1.6349122863424166 0.038434938543161795 0.038434938543161795 0.17870112990695503 0.5561582751780861 0.6283226623202708 0.952872488428702 1.6349122863424166
72 648 0.11622901384973684 1.5285533710943753 0.036628451789058304 0.036628451789058304 0.17831819398511253 0.5371322133012748 0.6408471117746567 0.9718417369016177 1.5285533710943753
73 657 0.1075343393255182 1.4739051612375735 0.036005045694635356 0.036005045694635356 0.16504233705267468 0.5441082645876057 0.6328825888292565 0.9419118940875384 1.4739051612375735
74 666 0.10712731677722824 1.420419205949551 0.03643285076120682 0.03643285076120682 0.158950875927602 0.5352176451436621 0.6303446863468265 0.8806591863942317 1.420419205949551
75 675 0.1013854815834911 1.427214180942261 0.037870142619147555 0.037870142619147555 0.15835560472005536 0.5507149345071033 0.597879861755595 0.8799014173682221 1.427214180942261
76 684 0.09934661514183943 1.39990068173624 0.03553858265073496 0.03553858265073496 0.15682692014196428 0.5487743237010759 0.6078082871562607 0.8594859467585696 1.39990068173624
77 693 0.10704058456936803 1.299690395728991 0.035285465737812244 0.035285465737812244 0.1537455960342231 0.5502538375267688 0.5998003063130247 0.8615309410223041 1.299690395728991
78 702 0.12211355918160066 1.273372865970573 0.035538458491958275 0.035538458491958275 0.13625658627670342 0.5398197639423026 0.6386659205552857 0.8895599814378045 1.273372865970573
79 711 0.13694698555504986 1.176505035220553 0.039994684937627915 0.039994684937627915 0.12954723930530757 0.5636435239115621 0.6384048242804425 0.8874141072726421 1.176505035220553
80 720 0.13619429640781663 1.1224858373548563 0.04093715913468702 0.04093715913468702 0.12859272351426443 0.5948375584295077 0.6383621664718546 0.8413418212816045 1.1224858373548563
81 729 0.13698862081367089 1.0713674453272086 0.03798920407119052 0.03798920407119052 0.12717438655607594 0.5724113225127901 0.6482154169324202 0.8813398185898709 1.0713674453272086
82 738 0.12639399985567767 1.035692676782281 0.035330919007366575 0.035330919007366575 0.12307693901876526 0.5693989018978046 0.6761795569471789 0.8858831943267427 1.035692676782281
83 747 0.1211297657573386 0.9352961178969025 0.03529386224417635 0.03529386224417635 0.12060857208772525 0.5734568457337033 0.6591619732716857 0.8551508699530679 0.9352961178969025
84 756 0.1074800380678468 0.9194408088828818 0.03662349962330024 0.03662349962330024 0.11803450245880567 0.5759705140838101 0.6168157770647267 0.8197185017512865 0.9194408088828818
85 765 0.09404874924228035 0.8715980433498373 0.036746505287082926 0.036746505287082926 0.1159155676368163 0.578157115344998 0.5854186858816869 0.8339118126818363 0.8715980433498373
86 774 0.0786731538468676 0.864103816451757 0.035471992304421184 0.035471992304421184 0.11091190091773642 0.5453203915247911 0.5745940607324923 0.8221629168016326 0.864103816451757
87 783 0.07578241302423724 0.8528936644413148 0.03399571662975651 0.03399571662975651 0.10351652895542433 0.5447339177317961 0.5653351019500549 0.8004559540908075 0.8528936644413148
88 792 0.06978947202536535 0.8628760806146833 0.034559427450871684 0.034559427450871684 0.09885269400915003 0.5232934328832132 0.5834933622984119 0.7927063122985162 0.8628760806146833
89 801 0.06482997032666674 0.9215371229805104 0.03366404431940343 0.03366404431940343 0.09726152436502138 0.5160253306330165 0.5515965653354953 0.7871524273866155 0.9215371229805104
90 810 0.061049531040647136 0.8980536489890246 0.03243997879929742 0.03243997879929742 0.09547465727569962 0.47152524276931673 0.5786406519451538 0.7666116127693795 0.8980536489890246
91 819 0.05167611084723833 0.8768736080587756 0.032078713484453625 0.032078713484453625 0.09196334223117789 0.4774397191872485 0.5588807186468028 0.7578481489405113 0.8768736080587756
92 828 0.056661015193923504 0.8777845394136965 0.030563491946674372 0.030563491946674372 0.08934969276383428 0.4729738970855245 0.5428152608936939 0.714382094805257 0.8777845394136965
93 837 0.05462866749465476 0.8724492582621308 0.03047075996808584 0.03047075996808584 0.08812371357483054 0.4781512835837602 0.5674326927791838 0.7228695617682174 0.8724492582621308
94 846 0.05739677294098904 0.8834747956166249 0.029825027042240642 0.029825027042240642 0.08409191202341865 0.4498674450385172 0.5784129527788329 0.7101388307123951 0.8834747956166249
95 855 0.06263371580264529 0.8919520426432351 0.030007053436706586 0.030007053436706586 0.08213706814147073 0.4540435224897402 0.5539861225353647 0.7073775359448934 0.8919520426432351
96 864 0.058668603220374274 0.9228100162093743 0.027304305762572225 0.027304305762572225 0.0820715535194613 0.4741793493191218 0.553666303254367 0.694165561949429 0.9228100162093743
97 873 0.06302363608999652 0.9153040204393534 0.026482181687471844 0.026482181687471844 0.07727221851152995 0.47501941116580637 0.5767846245135351 0.6607395298999025 0.9153040204393534
98 882 0.06967327576433018 0.9626987900880443 0.025676857389671338 0.025676857389671338 0.08096975212087552 0.44176475960459877 0.5672740855981664 0.6537383387460434 0.9626987900880443
99 891 0.08248891963881338 0.993435303899114 0.02473472978731525 0.02473472978731525 0.07786763087598614 0.4420436783565604 0.5597600333014621 0.6755622488442419 0.993435303899114
100 900 0.08569872496070975 1.0273886965150518 0.024993607413974904 0.024993607413974904 0.07660127022079188 0.4228842047548601 0.5496073912226073 0.7222105577356555 1.0273886965150518
101 909 0.08182860876032219 0.9911535351715263 0.023584278322876368 0.023584278322876368 0.0773634148045365 0.4292008226420661 0.5332231312248219 0.7389464348943054 0.9911535351715263
102 918 0.0989253096807566 0.9925345229779853 0.022357628281500317 0.022357628281500317 0.073653861018031 0.42814720021119435 0.521447791749478 0.7185398174971159 0.9925345229779853
103 927 0.1027082931901073 1.0900121141875145 0.022707187119550158 0.022707187119550158 0.07411828083370126 0.42962007017003173 0.4902481539422807 0.7374634815690613 1.0900121141875145
104 936 0.09233495426992626 1.159546463884143 0.021946635760468916 0.021946635760468916 0.072865521083673 0.44234046232049307 0.464952328628973 0.7164955135016802 1.159546463884143
105 945 0.0847231367883323 1.1151401724596903 0.020901708159555374 0.020901708159555374 0.06884851752262051 0.4381508107480963 0.46055386540985743 0.7049804013099499 1.1151401724596903
106 954 0.08902199288794449 1.1192388243407776 0.020685525324377767 0.020685525324377767 0.06507788129334141 0.4277094315000879 0.4532051142479572 0.6774722757825594 1.1192388243407776
107 963 0.08283171585971849 1.0374916035132702 0.02132372364987091 0.02132372364987091 0.06554872593483417 0.425376632188537 0.45583664679764796 0.6621794604962774 1.0374916035132702
108 972 0.0832374635588948 1.0182444510840793 0.020525367483591767 0.020525367483591767 0.06391245059159407 0.4232138854172831 0.4619499750045764 0.6340714349442239 1.0182444510840793
109 981 0.07980427897530816 1.0724219785631623 0.019503450350440845 0.019503450350440845 0.064849423026162 0.41049033299774285 0.4440225600351129 0.6462354958837175 1.0724219785631623
110 990 0.07719174889136211 1.048173790754807 0.018627257360497067 0.018627257360497067 0.06209501401205915 0.3877530392595133 0.4465413820174818 0.6642178677793144 1.048173790754807
111 999 0.07892701191763069 0.976291526652666 0.018801673273938637 0.018801673273938637 0.06026834427477007 0.3899498044522402 0.4258473242066998 0.6758803863676865 0.976291526652666
112 1008 0.08657530505935958 0.929276822024639 0.0183419530211729 0.0183419530211729 0.05787257518037878 0.41098494884952674 0.4252497172995878 0.6729298386258528 0.929276822024639
113 1017 0.07503110322943995 0.9324898707135907 0.017586905379110725 0.017586905379110725 0.0567044134583157 0.3901432414141199 0.4359441418034503 0.737456527113556 0.9324898707135907
114 1026 0.06607940079569634 0.9006053056635613 0.01713710293878488 0.01713710293878488 0.05566248940688676 0.362517326907246 0.4330208585124665 0.7408429025981341 0.9006053056635613
115 1035 0.06316121590699839 0.8938321827739204 0.01579928540172967 0.01579928540172967 0.05572924446239091 0.34845281724756927 0.42589487672644766 0.7255715625095241 0.8938321827739204
116 1044 0.06517726358361683 0.848694745719542 0.016030888822833267 0.016030888822833267 0.05235486931731574 0.36571442699082873 0.4256804758158145 0.6887648334081001 0.848694745719542
117 1053 0.06147383819072174 0.8850173177629291 0.015387189604646672 0.015387189604646672 0.0516209280594426 0.3793787714068508 0.4100261259334455 0.6654538420079553 0.8850173177629291
118 1062 0.05811321971312348 0.8128364834503791 0.014859067542667104 0.014859067542667104 0.051977954438342855 0.3717047628160465 0.41424437887855065 0.6500060855568138 0.8128364834503791
119 1071 0.052073532084434514 0.8030284595850167 0.01489340978723119 0.01489340978723119 0.0482578602470816 0.3795245184232332 0.3988046248853054 0.6684517677298194 0.8030284595850167
120 1080 0.04746765538121174 0.7994761916794892 0.013564130607487025 0.013564130607487025 0.04834063370294844 0.3722268487307075 0.3909027437251254 0.6567150826430164 0.7994761916794892
121 1089 0.048922538079187325 0.8067534909266283 0.013267299991340239 0.013267299991340239 0.051268489699153694 0.35214589588704237 0.3750962045262935 0.6074182472598018 0.8067534909266283
122 1098 0.04882394950035083 0.8541232043251401 0.011822766038818511 0.011822766038818511 0.05119645638485677 0.35069927023796954 0.38848284149088874 0.5959189448478466 0.8541232043251401
123 1107 0.05204117087634136 0.8939497144113683 0.011958299977513258 0.011958299977513258 0.04974382836136964 0.3386207905138761 0.38253728461532716 0.5524205036570083 0.8939497144113683
124 1116 0.05459092148480966 0.8545033057160577 0.012275793162214612 0.012275793162214612 0.049657975418709484 0.3413845692549191 0.37158838565047514 0.5628553638517051 0.8545033057160577
125 1125 0.051830745807623875 0.8303659707541458 0.012085732886982316 0.012085732886982316 0.0490392015731579 0.332478978920943 0.3556634569397196 0.5878997135024427 0.8303659707541458
126 1134 0.04718027456028003 0.8026312060178671 0.01169727684401195 0.01169727684401195 0.04819734812364288 0.3225340198784083 0.362686995296688 0.5507441792912743 0.8026312060178671
127 1143 0.049777180413355035 0.7724387140378655 0.010845141983086755 0.010845141983086755 0.04790387586203524 0.32119027814466095 0.35407887221061035 0.539053465130723 0.7724387140378655
128 1152 0.0595499766993006 0.74690097467085 0.01118761054900078 0.01118761054900078 0.048078746088840246 0.28307960468390203 0.3412148431874892 0.5991153693060042 0.74690097467085
129 1161 0.06810822206459816 0.8128614957078666 0.011944838207398313 0.011944838207398313 0.046579388427703546 0.2695335959492788 0.3321402737784395 0.5907999161633029 0.8128614957078666
130 1170 0.07411576466084926 0.7867593487388503 0.01251814362342355 0.01251814362342355 0.04598899819079291 0.25925460065729333 0.3361908889459994 0.5871558695047505 0.7867593487388503
131 1179 0.06848904115289514 0.7751226937886808 0.01249252542307764 0.01249252542307764 0.0446525605276437 0.2514272832934761 0.3598392039341329 0.557183362125619 0.7751226937886808
132 1188 0.06546449768722783 0.7712900503142089 0.011961216122114293 0.011961216122114293 0.04241911520716029 0.251477641524708 0.3634637458346058 0.5146751367535334 0.7712900503142089
133 1197 0.06360637002288042 0.7913451464339292 0.012213210920260308 0.012213210920260308 0.042121043496710496 0.2168837245012162 0.3668381389481161 0.49778462514723626 0.7913451464339292
134 1206 0.05662083719512913 0.7323796317037747 0.012334875528702702 0.012334875528702702 0.041168617814376814 0.19856166136696446 0.36871601325507775 0.518955615928757 0.7323796317037747
135 1215 0.051303652383938914 0.749284654597717 0.012502511890017965 0.012502511890017965 0.04074838329183029 0.19791961836393396 0.3379641856906653 0.47265552647169634 0.749284654597717
136 1224 0.04599864208203919 0.7494894625575266 0.012463569477456174 0.012463569477456174 0.04071523954772504 0.18840220620005949 0.3378075874616756 0.46509236873166204 0.7494894625575266
137 1233 0.0515437323884587 0.7424779015588521 0.011890228359414785 0.011890228359414785 0.04202571467923952 0.1843259908275797 0.3174994528018117 0.4421235631290978 0.7424779015588521
138 1242 0.05804600178450868 0.745822180153591 0.011428030440043008 0.011428030440043008 0.0426958807063899 0.18908174149492993 0.34896065919310126 0.4102248773874542 0.745822180153591
139 1251 0.05354777726996763 0.7040161208433191 0.010909688329071302 0.010909688329071302 0.04323200954385882 0.1897806887715835 0.34649102525983183 0.44320917067428867 0.7040161208433191
140 1260 0.06366544974714404 0.6850148911727774 0.010416836711920478 0.010416836711920478 0.04224453477616004 0.18069563860076465 0.3393448075390322 0.4337228506381652 0.6850148911727774
141 1269 0.06821704125524122 0.6638903885010712 0.010473807610646316 0.010473807610646316 0.04304652791631435 0.19685152426277014 0.3194580280262345 0.4563083480935895 0.6638903885010712
142 1278 0.06845769193258229 0.6766626747535905 0.01050816891739057 0.01050816891739057 0.0403185407519838 0.1804145778017055 0.3172726769019931 0.4852819338813861 0.6766626747535905
143 1287 0.08217843775781822 0.6874439266805528 0.0101315085582716 0.0101315085582716 0.03851390533406476 0.17058923414120278 0.31525669320806704 0.5052816016961267 0.6874439266805528
144 1296 0.08618044672313631 0.7631350949384035 0.010676256035040325 0.010676256035040325 0.03752368648791618 0.16636163151658745 0.30224823372912496 0.5142833853988461 0.7631350949384035
145 1305 0.08165080472320013 0.7312319104932462 0.01032877942628957 0.01032877942628957 0.035788646618499204 0.1699557756475425 0.30581754894623037 0.5018086207314878 0.7312319104932462
146 1314 0.07610694769099025 0.6974971973679606 0.010044201843100125 0.010044201843100125 0.03604445056082517 0.16644521450471508 0.30569712045820024 0.4674441989141476 0.6974971973679606
147 1323 0.0644349859542028 0.6455355520542312 0.009498609211920988 0.009498609211920988 0.034768023653299805 0.17746819872307576 0.30341688684520224 0.4613634325319721 0.6455355520542312
148 1332 0.05619461874788634 0.6499150022276435 0.008906041067166966 0.008906041067166966 0.03197943369926278 0.17867629489954218 0.29461723398862316 0.4606072892629049 0.6499150022276435
149 1341 0.05736157210541998 0.6432515495936832 0.007892303423456988 0.007892303423456988 0.03149392882555068 0.17631825390186245 0.2866543464152411 0.4597374846956894 0.6432515495936832
150 1350 0.058624999965390064 0.6523117708616589 0.007964654376176905 0.007964654376176905 0.02819605550156283 0.17858745055042136 0.2806764090717002 0.4707155837829921 0.6523117708616589
151 1359 0.04816812655526299 0.7099458634367122 0.007790393007831072 0.007790393007831072 0.0269058044996467 0.17651892252739804 0.27895497051646256 0.4479235924178782 0.7099458634367122
152 1368 0.04391543368651101 0.713618939490572 0.007626557136166643 0.007626557136166643 0.025805448162802273 0.17457042215230467 0.25966986006369475 0.4410722932432987 0.713618939490572
153 1377 0.04214306336500219 0.7040405828454415 0.007455894134310627 0.007455894134310627 0.024324460635964076 0.17863957865901284 0.25366435813479243 0.4265856319875165 0.7040405828454415
154 1386 0.037222723368896336 0.7087310694517898 0.007264816791953306 0.007264816791953306 0.023874452440300054 0.18123258529637692 0.25107247623613627 0.43012317395716204 0.7087310694517898
155 1395 0.03556688148325626 0.6963510304803865 0.007300540004357294 0.007300540004357294 0.02381542527117735 0.16547775606448545 0.245455793928542 0.41826289416515117 0.6963510304803865
156 1404 0.03176198385106717 0.6840405450654824 0.007292357749935037 0.007292357749935037 0.023704508207589785 0.157938575380798 0.2425670209842634 0.3892467329698836 0.6840405450654824
157 1413 0.028043071319880236 0.6564317468124192 0.0071382837886185815 0.0071382837886185815 0.0239519452911094 0.15241786632452448 0.22678447351429315 0.39472389053748685 0.6564317468124192
158 1422 0.02615362637250663 0.6535854111329414 0.006813799579695932 0.006813799579695932 0.024281299353474086 0.14708193745978904 0.21772469891197332 0.37955633700415004 0.6535854111329414
159 1431 0.022787506226710084 0.6024351114025841 0.006597162148588325 0.006597162148588325 0.025338344784394413 0.15006792808049968 0.20371692800672497 0.3763862510394485 0.6024351114025841
160 1440 0.018713407336934548 0.5908465375687814 0.006231467115167904 0.006231467115167904 0.02492973182242942 0.1538939494399759 0.18597841052840886 0.3784955041302903 0.5908465375687814
161 1449 0.01744227684838715 0.5895564465821046 0.0058658101611203375 0.0058658101611203375 0.024520444601667562 0.14916665881334076 0.188638852119573 0.35144595678235396 0.5895564465821046
162 1458 0.017928930984239883 0.597134053769514 0.005971497923316612 0.005971497923316612 0.023694064930583084 0.13728334315519597 0.19392110421119976 0.33300367147110516 0.597134053769514
163 1467 0.019003702006919723 0.59576460247873 0.005448108162670793 0.005448108162670793 0.022837990969085533 0.13677110361032555 0.20665718856577578 0.33184765555661133 0.59576460247873
164 1476 0.01793337640458175 0.6053119983739014 0.00540814988695834 0.00540814988695834 0.022013706401854603 0.13262014253425025 0.1938842937119825 0.3504916342885697 0.6053119983739014
165 1485 0.016975144567966168 0.5849052832594516 0.005323586655807339 0.005323586655807339 0.02177321277059169 0.12744436887078694 0.18964220448060562 0.3489898835935897 0.5849052832594516
166 1494 0.015463630945160902 0.5854048730803073 0.0051366683967307815 0.0051366683967307815 0.021251594851256803 0.13121903578569366 0.1791246789354046 0.3342783981677039 0.5854048730803073
167 1503 0.01461671445498682 0.5961796572343019 0.004622202752362159 0.004622202752362159 0.020618471895140114 0.12956028260207486 0.18148217978693532 0.33629634920441875 0.5961796572343019
168 1512 0.014841165514450834 0.5980540477926211 0.004259284549994329 0.004259284549994329 0.019727343879946856 0.13135947670948456 0.18711122401108474 0.32695650984664915 0.5980540477926211
169 1521 0.01493158723555556 0.6089595402432783 0.004055962936654054 0.004055962936654054 0.019622118843817548 0.13247812108059867 0.1786098201578815 0.32051777744310045 0.6089595402432783
170 1530 0.012651680706924929 0.608045250075046 0.0041151708632029774 0.0041151708632029774 0.0196383906896752 0.13017806058418674 0.17123534937500537 0.31214488255280687 0.608045250075046
171 1539 0.011080309353282409 0.5984081000918534 0.0041230167809418895 0.0041230167809418895 0.018988386404443468 0.12902489254296112 0.16406988425749244 0.2804850362771588 0.5984081000918534
172 1548 0.009033195404089586 0.5697886687443493 0.00412184070203751 0.00412184070203751 0.017391293376875512 0.13411933555532363 0.16034634844127268 0.27976421568990956 0.5697886687443493
173 1557 0.00778219268249727 0.5706142690231126 0.003852734064846688 0.003852734064846688 0.01700226692136398 0.12905780880759943 0.1547045607675075 0.2711411214987523 0.5706142690231126
174 1566 0.008187447272497055 0.5383307761274706 0.003890585973214543 0.003890585973214543 0.016660565277771728 0.1169954617414443 0.14883659330796314 0.28380523630468635 0.5383307761274706
175 1575 0.00981834713908701 0.5370513034305495 0.003561497603578255 0.003561497603578255 0.015903382269664666 0.13295538600173842 0.14781510858809135 0.28156192204298425 0.5370513034305495
176 1584 0.010110103380983561 0.6278297322849858 0.003266424375820585 0.003266424375820585 0.016280007949005255 0.12475547484451567 0.14856940883803232 0.3044690252630428 0.6278297322849858
177 1593 0.009696791022039094 0.6614571545692092 0.00308146124938567 0.00308146124938567 0.01587261665120686 0.12840087688767463 0.14074445104536085 0.29431702063202914 0.6614571545692092
178 1602 0.00960214637948421 0.6914187218835842 0.0029703216763081433 0.0029703216763081433 0.014151036911154987 0.12609091202333714 0.1380141416527078 0.2902104039503778 0.6914187218835842
179 1611 0.008828781459857504 0.6482396045465506 0.0028349033361626786 0.0028349033361626786 0.013761670021956754 0.13726842147181723 0.13816401898754757 0.2848258467793619 0.6482396045465506
180 1620 0.008433761268805242 0.6440258641698732 0.0028627680014510263 0.0028627680014510263 0.013523505979214982 0.1283680851555361 0.1313885643427296 0.2841927060403428 0.6440258641698732
181 1629 0.009184335605658152 0.6350461900964257 0.0028575821817527227 0.0028575821817527227 0.013077368860654574 0.12328887286284512 0.13074183278311424 0.27749815302883185 0.6350461900964257
182 1638 0.009055458047229067 0.7401098597695216 0.0027544574266937676 0.0027544574266937676 0.012506258261734026 0.11310355103519117 0.13162469352041165 0.2746735350522154 0.7401098597695216
183 1647 0.00990849018450003 0.7544985623500435 0.002731142622372491 0.002731142622372491 0.012185582158818225 0.1111510784738742 0.1323453268007849 0.2463122810796158 0.7544985623500435
184 1656 0.01064729977057848 0.7665192199272459 0.0028772721311407018 0.0028772721311407018 0.012422577948336854 0.11055610372393183 0.12780257921557558 0.22637449600105564 0.7665192199272459
185 1665 0.01129327522377431 0.8219781284292487 0.002790160161993195 0.002790160161993195 0.01198377930327322 0.10628110072260902 0.12758275791047394 0.23025588870175354 0.8219781284292487
186 1674 0.012149799471913823 0.8529622927455981 0.0027358748817804803 0.0027358748817804803 0.01188729463207882 0.10229746066392403 0.11772991964593349 0.23738713266343214 0.8529622927455981
187 1683 0.011997521011444441 0.9122407943185035 0.00263685573846177 0.00263685573846177 0.011670236592600717 0.1005980584810414 0.1163661432142395 0.22792307097482892 0.9122407943185035
188 1692 0.012854042759486725 0.9028601392328555 0.0025154107649572304 0.0025154107649572304 0.011066639424484123 0.09812310000171044 0.1161503020421535 0.22985389188923808 0.9028601392328555
189 1701 0.012126629157765368 0.9662451931529046 0.0023065581037231184 0.0023065581037231184 0.010844325444726473 0.09605901043328423 0.11421631580585792 0.23125559243838534 0.9662451931529046
190 1710 0.01122235848910355 0.9451531436523803 0.002281774175461644 0.002281774175461644 0.0108746308237964 0.08652575201945589 0.10936172738192201 0.22989069203840876 0.9451531436523803
191 1719 0.0113555207925325 0.9398892852003837 0.0021302389255894462 0.0021302389255894462 0.010883556975449852 0.08538190112580586 0.10767656970598358 0.2194135296039095 0.9398892852003837
192 1728 0.013195592992636056 0.9806653923695363 0.0019823605099689944 0.0019823605099689944 0.010068916424214015 0.08543715704174115 0.10832321844289802 0.22204302234430964 0.9806653923695363
193 1737 0.015485464373685856 1.06157138611447 0.0019551849405468084 0.0019551849405468084 0.009824667633689981 0.08066987227469183 0.10864086420210976 0.22818310123109686 1.06157138611447
194 1746 0.01945042266234561 1.278954457361293 0.0019737565545184126 0.0019737565545184126 0.009092167459447154 0.07864461737552646 0.10626141077706909 0.2213430178533079 1.278954457361293
195 1755 0.021941378550707998 1.3136875164269295 0.0019854977377342328 0.0019854977377342328 0.009083442321934001 0.07857064377525225 0.1035960355182462 0.22482491703176222 1.3136875164269295
196 1764 0.023072014542708488 1.3295430971827447 0.0019549377306194724 0.0019549377306194724 0.008568107713659128 0.07844992067201467 0.10012030999250361 0.2205741975279419 1.3295430971827447
197 1773 0.02451824590310065 1.3342241526295733 0.0019384625349417237 0.0019384625349417237 0.00883760701756027 0.07408956076708076 0.09511719854424373 0.21186422197328342 1.3342241526295733
198 1782 0.025100635671370643 1.2883721446686676 0.001895195565837018 0.001895195565837018 0.009385102157487933 0.07259155904204566 0.09355666499177369 0.2043985893403005 1.2883721446686676
199 1791 0.02661493564151107 1.293991471746605 0.0017434230558575194 0.0017434230558575194 0.009344736582854717 0.07298245976719756 0.09365227976825195 0.20046549202967467 1.293991471746605
200 1800 0.026040511133920533 1.3289608562860578 0.00172549985507559 0.00172549985507559 0.009437159950935553 0.07536533337113585 0.0905345093202128 0.19636807566044204 1.3289608562860578
201 1809 0.023782834538011277 1.3074475794637495 0.001663009528462194 0.001663009528462194 0.009345145090768553 0.0716424194391375 0.08893688330304846 0.19993247345263057 1.3074475794637495
202 1818 0.025349764292751115 1.3154251652662825 0.0017170365439850349 0.0017170365439850349 0.008236783246161514 0.0690052996684611 0.09158867591656104 0.1937653072451363 1.3154251652662825
203 1827 0.023964900636134438 1.4247601235004808 0.0016462603111441264 0.0016462603111441264 0.008059991350389015 0.07073298506224683 0.08947659240848371 0.19327398258005382 1.4247601235004808
204 1836 0.023113408191523882 1.418190805277793 0.001630743451191682 0.001630743451191682 0.007851794134691201 0.06798549188947582 0.08505383490896759 0.18187453304103376 1.418190805277793
205 1845 0.023773030379487286 1.4263151437848722 0.0016438527821724105 0.0016438527821724105 0.008106674283990582 0.06420025291664544 0.08291904324087929 0.17219717148582273 1.4263151437848722
206 1854 0.02271118567532246 1.4255290654068618 0.0015716534646061902 0.0015716534646061902 0.00840454442669341 0.06086425536070667 0.08104549620278899 0.1708326937701238 1.4255290654068618
207 1863 0.020176990758820342 1.4043771271572143 0.0015811864142551123 0.0015811864142551123 0.008026333603372732 0.05859788880583164 0.08019731804894757 0.1691561730757542 1.4043771271572143
208 1872 0.01884203590323701 1.346683956011365 0.0015239725700798127 0.0015239725700798127 0.007850570017929954 0.055157454859473494 0.07898480503034651 0.164981313541581 1.346683956011365
209 1881 0.017463358765726796 1.3879090301519246 0.0015620308284358517 0.0015620308284358517 0.0076607771912209745 0.04874063215595976 0.07756211055509375 0.16496453151735954 1.3879090301519246
210 1890 0.01699577507697627 1.3742068318446248 0.0016202491155469449 0.0016202491155469449 0.007926986510177213 0.04529367166932243 0.07591356202132168 0.1559390359638001 1.3742068318446248
211 1899 0.016168327289636006 1.3627504727297626 0.0015034111639928912 0.0015034111639928912 0.007926572100553218 0.04390756204966866 0.07420833431141503 0.15628601683838678 1.3627504727297626
212 1908 0.017439367536744403 1.3775426582581667 0.001434287067497241 0.001434287067497241 0.007747195132635604 0.04294869318398924 0.0700695429485466 0.15737160128326966 1.3775426582581667
213 1917 0.021225535311407768 1.4618759084290835 0.0014079016653927765 0.0014079016653927765 0.008236132010357788 0.039531741346918114 0.07047559434677333 0.15461276477360095 1.4618759084290835
214 1926 0.02365620316881173 1.451901926828178 0.0013847142159264434 0.0013847142159264434 0.008596125934760161 0.03863837419455769 0.06949269485722877 0.15103015468966507 1.451901926828178
215 1935 0.020458457937015225 1.397470298689568 0.0013939191470687094 0.0013939191470687094 0.009033035782499936 0.038362316098228266 0.06568063639165865 0.14135900471517618 1.397470298689568
216 1944 0.018717285819566238 1.3613564010377976 0.0013335976755172601 0.0013335976755172601 0.009174313343341838 0.038364347881425676 0.06174493262091607 0.13532436111332422 1.3613564010377976
217 1953 0.0197733658150168 1.3071866976997304 0.0012992276050479941 0.0012992276050479941 0.008831181960843267 0.03798949454430384 0.06063474427033087 0.13346852580503632 1.3071866976997304
218 1962 0.024549191229728425 1.3315942418552376 0.0012830687580413895 0.0012830687580413895 0.009000564480675126 0.036762057548597335 0.05966686589698768 0.13534849569288096 1.3315942418552376
219 1971 0.029780235226259662 1.3221731975793507 0.0012217932160984758 0.0012217932160984758 0.00893286715082535 0.038482878035542276 0.060752858499101954 0.13385348039949 1.3221731975793507
220 1980 0.034193166314368965 1.404608231961318 0.0011996073631851314 0.0011996073631851314 0.008390325125195617 0.03817603412041505 0.05989275873806277 0.12481055065618295 1.404608231961318
221 1989 0.03928771408732484 1.4984197389322669 0.0011043286905898387 0.0011043286905898387 0.008236726237189372 0.036815587649616476 0.05743123603701081 0.13277447255083566 1.4984197389322669
222 1998 0.04150759382936928 1.594685465489787 0.0010947099923770533 0.0010947099923770533 0.007979081189500076 0.03545536019008281 0.0547934740033742 0.13517696690619638 1.594685465489787
223 2007 0.03890620046441702 1.5914800032751313 0.001086560805158862 0.001086560805158862 0.007336888847562947 0.03412185442216003 0.054377556602546104 0.13601291606041374 1.5914800032751313
224 2016 0.034642824401725204 1.4609758409933835 0.0010553179576204329 0.0010553179576204329 0.0072223114359518375 0.034505873115872936 0.05382184467352277 0.13770265970586212 1.4609758409933835
225 2025 0.031502096244966665 1.4665194873218312 0.0010537698118726932 0.0010537698118726932 0.006864132406075615 0.03439089916173855 0.05233981723863637 0.1286285944347308 1.4665194873218312
226 2034 0.03329970701498735 1.4367062450151087 0.0010436304156066162 0.0010436304156066162 0.006591114371087678 0.03387412693565477 0.05172583471954764 0.124661337705519 1.4367062450151087
227 2043 0.030985844345471605 1.432022700514143 0.0011136563446475247 0.0011136563446475247 0.006280520267047243 0.03327096045493817 0.04884037230200209 0.12568345957699462 1.432022700514143
228 2052 0.025335629334461967 1.4123640925513867 0.0010529963111474013 0.0010529963111474013 0.005932676237526074 0.0342867570489291 0.048805761122220334 0.1208878004181191 1.4123640925513867
229 2061 0.02180586920861274 1.389369564393328 0.0009788946318888356 0.0009788946318888356 0.005818252611884637 0.033836089257239375 0.048097622585658285 0.11545301398247394 1.389369564393328
230 2070 0.023928731981922795 1.2869352084387928 0.0009684349793955961 0.0009684349793955961 0.005734225688161891 0.033641438701006984 0.046304926990863825 0.11121824645320216 1.2869352084387928
231 2079 0.029780538292517037 1.3209340045791655 0.0009501890242989687 0.0009501890242989687 0.006006840115757607 0.03322386941911452 0.044260971549995275 0.11475148935285731 1.3209340045791655
232 2088 0.03766586567381272 1.3773491738617298 0.0009958171603782898 0.0009958171603782898 0.006042226451995624 0.03399610357998837 0.04378598686412051 0.10963592271334077 1.3773491738617298
233 2097 0.04024440109293923 1.4532384904426305 0.001017313126034485 0.001017313126034485 0.005729228319861648 0.03145198225727319 0.04403851396868363 0.10866748975066785 1.4532384904426305
234 2106 0.03487414775482348 1.3893555577263375 0.0009872229417631703 0.0009872229417631703 0.005570528124314803 0.03072700887657049 0.04396659685918351 0.10297421605908989 1.3893555577263375
235 2115 0.03232435690815129 1.3918582454221677 0.0009647068011129781 0.0009647068011129781 0.005300565253831047 0.028694978774165786 0.04255278909682648 0.10354672157940509 1.3918582454221677
236 2124 0.031518863417578265 1.3769947078402487 0.0009417869585395916 0.0009417869585395916 0.004971919927468512 0.02779573342315045 0.042474745331881024 0.1005266777464601 1.3769947078402487
237 2133 0.030195728820881864 1.4095859716883081 0.0009174514742511678 0.0009174514742511678 0.004392461406850011 0.02873314087893051 0.042266028132921865 0.09744617528526339 1.4095859716883081
238 2142 0.03255670548780851 1.369972003070409 0.0008722159806417698 0.0008722159806417698 0.0043170173823274755 0.029879966655502046 0.04242931713130673 0.09412231980132348 1.369972003070409
239 2151 0.033544548577229064 1.3855370087986547 0.0008926270540924067 0.0008926270540924067 0.0043936096113122635 0.029767628921636247 0.03954903533170665 0.09501845445747178 1.3855370087986547
240 2160 0.03553189272749942 1.293037438371121 0.0008626223308412714 0.0008626223308412714 0.0043712634766781425 0.031533947395301014 0.03813098819312654 0.09445042549665401 1.293037438371121
241 2169 0.03621325801714447 1.4340350757093994 0.0008330534337198726 0.0008330534337198726 0.00431090772360731 0.031008002196868924 0.03529615796751478 0.09282819771211218 1.4340350757093994
242 2178 0.035467717611217066 1.4554712417246296 0.000823703632245766 0.000823703632245766 0.0046088901512627385 0.030142068446675035 0.03135399185592255 0.0920270906086504 1.4554712417246296
243 2187 0.03639152974942377 1.4270075343166213 0.0007716923012275585 0.0007716923012275585 0.004505167807887623 0.029536045638175936 0.03158495168307512 0.09158202136858577 1.4270075343166213
244 2196 0.03417716811496683 1.4922294637480658 0.0007555300178334503 0.0007555300178334503 0.004431832041315659 0.029239588271611446 0.030646715696929012 0.08895068963135909 1.4922294637480658
245 2205 0.02904275791513616 1.440795087908935 0.0007498503196252593 0.0007498503196252593 0.004250780532179663 0.029109807176430923 0.029673738048289128 0.08484524063217065 1.440795087908935
246 2214 0.029548256977599538 1.448773916109676 0.0007409473935925064 0.0007409473935925064 0.0041726812404504305 0.02639546124033575 0.02840201297413775 0.08427783826648924 1.448773916109676
247 2223 0.03026917285278656 1.4628499854553185 0.0007362395934858138 0.0007362395934858138 0.004017195309459803 0.026339523884947653 0.028882888929078834 0.08396302200898684 1.4628499854553185
248 2232 0.026246638894473137 1.4732152084863355 0.0007043932635078645 0.0007043932635078645 0.004342038821596229 0.025406877528710837 0.026873269650234136 0.0837985173749165 1.4732152084863355
249 2241 0.02468778317864465 1.428786423015595 0.0006883414630048211 0.0006883414630048211 0.004252517298134857 0.023356436059402477 0.02666682951204892 0.0824320753192651 1.428786423015595
250 2250 0.025334298749976673 1.4897003881720388 0.0006860488999582338 0.0006860488999582338 0.004136875032655708 0.022587749326716113 0.025856652607795263 0.07893015522106488 1.4897003881720388
251 2259 0.02369814772846093 1.581061811529619 0.0006865759103781686 0.0006865759103781686 0.0041710029739190175 0.022748828403082278 0.02559496503287336 0.07185365197601211 1.581061811529619
252 2268 0.023836499867484717 1.6210800002219832 0.0007006570860221798 0.0007006570860221798 0.0035170922345769853 0.022869151811664767 0.025371473742955227 0.07238580914059091 1.6210800002219832
253 2277 0.027267837642205056 1.748917103073769 0.0006813673624489082 0.0006813673624489082 0.0033844122218857392 0.02278884558888601 0.02482903085162755 0.06737061220564601 1.748917103073769
254 2286 0.03161330875291067 1.9501384810119342 0.0006865047217306831 0.0006865047217306831 0.003230101858787305 0.02302976085689093 0.024131089298598155 0.06557904121612058 1.9501384810119342
255 2295 0.03014880161865061 2.0829879034978007 0.0006537834005765543 0.0006537834005765543 0.003259314667056224 0.022342180358250467 0.023521813369227422 0.0640904937333197 2.0829879034978007
256 2304 0.029706543566456526 2.092405969828777 0.0006187959438078934 0.0006187959438078934 0.003267917000970223 0.02135741453065086 0.022789144262825245 0.06049066802305413 2.092405969828777
257 2313 0.028284773355441745 2.2101958421077215 0.0005775840618711734 0.0005775840618711734 0.003135951173349911 0.020931261413906572 0.02295860890898197 0.060391877031802384 2.2101958421077215
258 2322 0.028767095515666277 2.233896630176752 0.0005478452612469316 0.0005478452612469316 0.0031153959330361275 0.02060194211912598 0.023398007448554987 0.05678085635407528 2.233896630176752
259 2331 0.03341439720314356 2.247327609263967 0.0005339569399086607 0.0005339569399086607 0.0030462449072510677 0.020152360484546255 0.022118544321174934 0.05874868908256623 2.247327609263967
260 2340 0.03530537422835409 2.419109249207913 0.0005334040896782659 0.0005334040896782659 0.002802814140874866 0.01976768407183885 0.023676225349418642 0.05835636682849449 2.419109249207913
261 2349 0.0370505210543868 2.4300513277409794 0.0005438017559412434 0.0005438017559412434 0.002725788368016606 0.019859597842544888 0.022811012158657162 0.056439351920313074 2.4300513277409794
262 2358 0.041923428211384096 2.4285674759994587 0.0005478769122992387 0.0005478769122992387 0.002635166889656832 0.01874064898398121 0.02304803411131577 0.055336147197427424 2.4285674759994587
263 2367 0.04726495589545951 2.75635537166907 0.0005374072997039828 0.0005374072997039828 0.00264620344013407 0.018780292849200915 0.021134371458764258 0.05313198388875048 2.75635537166907
264 2376 0.04242450540189498 2.9395670467099984 0.0005313683555209294 0.0005313683555209294 0.002649420778182036 0.018392109271738195 0.019937023475477822 0.05240829701225068 2.9395670467099984
265 2385 0.039512272766277716 2.9066087721539624 0.0005162018647990174 0.0005162018647990174 0.0025663705304859747 0.01751149823236384 0.01966340170783281 0.05155321912678368 2.9066087721539624
266 2394 0.03818429022830861 2.6131316373511293 0.0005096230315852554 0.0005096230315852554 0.002507955841389532 0.017737207447468383 0.019225032103106568 0.05126436936088648 2.6131316373511293
267 2403 0.034471174037212816 2.600829208891878 0.0004813473006897802 0.0004813473006897802 0.0024106117028737154 0.017772097739212924 0.019244437394352356 0.04970135180117882 2.600829208891878
268 2412 0.03225584255244294 2.597628862380795 0.0004585624318511332 0.0004585624318511332 0.0023956034463840734 0.01754445348639975 0.018964851220833974 0.04687305702399009 2.597628862380795
269 2421 0.02961315490592315 2.7336831041383647 0.0004392354123556933 0.0004392354123556933 0.002357803139757057 0.016721539830043854 0.018658740292613437 0.04490289347841721 2.7336831041383647
270 2430 0.025733167994095276 2.5663640695283214 0.00042192791808535714 0.00042192791808535714 0.002436434739695805 0.016348270345649524 0.017653820550655886 0.045142624018674554 2.5663640695283214
271 2439 0.02412076293908852 2.574614362452326 0.0004187336352935888 0.0004187336352935888 0.002144201574469484 0.015910346891766434 0.017216177815109025 0.045132955864062574 2.574614362452326
272 2448 0.020932542075383958 2.4893496048526274 0.0004038318279147891 0.0004038318279147891 0.0022354188214938893 0.01444180384869397 0.017239401595110636 0.04506490591305705 2.4893496048526274
273 2457 0.021361958824170548 2.432215545886593 0.0003806560042211475 0.0003806560042211475 0.002113749962693102 0.014004855033543899 0.01721093073073135 0.04493180416061755 2.432215545886593
274 2466 0.02085848840383366 2.597717361870001 0.0003823516933266463 0.0003823516933266463 0.002050436188106448 0.013854953118848237 0.017501165029823657 0.04104370606553455 2.597717361870001
275 2475 0.018156453893747225 2.577222486710211 0.00042289973990188137 0.00042289973990188137 0.0018675478008238012 0.013316626039036493 0.01711703218451607 0.04027872912211061 2.577222486710211
276 2484 0.017858225696386267 2.594974456961203 0.0004169936871815187 0.0004169936871815187 0.0017303426286449815 0.013244436068811621 0.01658104129054702 0.038301466501199984 2.594974456961203
277 2493 0.01877308282577496 2.4859488779385996 0.0003872780787637257 0.0003872780787637257 0.0017642013796078904 0.013681792745520463 0.016612586114552977 0.038104564119932384 2.4859488779385996
278 2502 0.017623108381058416 2.4870446400007262 0.0003543275297326465 0.0003543275297326465 0.0017437145173901094 0.014760888057450369 0.015790951886142407 0.03784715974424657 2.4870446400007262
279 2511 0.016130919565504876 2.517048089193308 0.00034417499515968907 0.00034417499515968907 0.0017160433276515097 0.014019662419440944 0.015676360758758747 0.035272774845737105 2.517048089193308
280 2520 0.01432677921846199 2.4957482117643965 0.000338810497128205 0.000338810497128205 0.0016138349732282215 0.01362082510843896 0.015455357245995581 0.035486521238088375 2.4957482117643965
281 2529 0.015220675099772799 2.3514888780923244 0.0003429989450856448 0.0003429989450856448 0.0015413507937460267 0.013343190857729531 0.015322143914454881 0.034969121222380016 2.3514888780923244
282 2538 0.015172864636968795 2.3600860857740344 0.000325493700461159 0.000325493700461159 0.001540517122722465 0.014419960686674243 0.015230224951285627 0.03401644739776359 2.3600860857740344
283 2547 0.01264555597675721 2.528026703674588 0.0003125621499474409 0.0003125621499474409 0.0014582927329361232 0.013945496905647765 0.014928842948062012 0.03311846898522896 2.528026703674588
284 2556 0.011457498781608845 2.575378170244586 0.00030810605512300067 0.00030810605512300067 0.001361512010213561 0.013986078695801185 0.014405435030142731 0.031159680094503484 2.575378170244586
285 2565 0.011534478645897555 2.4137188199566757 0.00032246313018659733 0.00032246313018659733 0.0012844661947472654 0.013651250689878583 0.014631686653410563 0.02995721830288119 2.4137188199566757
286 2574 0.011156202158246486 2.3638158027192273 0.00035864929865091677 0.00035864929865091677 0.0011993476753141027 0.01394315327364994 0.014312119156798472 0.028480155258181403 2.3638158027192273
287 2583 0.012696292097732334 2.3241771709502395 0.0003498605454847688 0.0003498605454847688 0.0010813364129768968 0.013448063635282444 0.014538684450335607 0.02917827836647914 2.3241771709502395
288 2592 0.014747819223892764 2.3934933728400503 0.0003522542315249457 0.0003522542315249457 0.0010894767534645037 0.013125348579430051 0.014902088845052824 0.028862056938462704 2.3934933728400503
289 2601 0.016852499446076284 2.55542218578801 0.0003368027874615007 0.0003368027874615007 0.0010614572985902463 0.012637790980722206 0.014681737919172495 0.02986111835540438 2.55542218578801
290 2610 0.017228732797963383 2.5830245128627918 0.00032632038700626173 0.00032632038700626173 0.001207752803052218 0.01176926522172712 0.013863354649650344 0.029530805355267007 2.5830245128627918
291 2619 0.0157928006459075 2.567121701378412 0.00029832140911143954 0.00029832140911143954 0.001249324896192641 0.011869246880924647 0.013424626378042762 0.029344867085364792 2.567121701378412
292 2628 0.015296148629621012 2.60215460189394 0.00028807746411352043 0.00028807746411352043 0.0011664017262387877 0.012018475841219718 0.01282701890635468 0.028559676988944016 2.60215460189394
293 2637 0.01372745982476511 2.776304262421145 0.00028174919464385087 0.00028174919464385087 0.0010871005262698275 0.012149032186789767 0.013161357902201055 0.02622376760921597 2.776304262421145
294 2646 0.01304389023677277 2.6858985798062243 0.0002808180125730013 0.0002808180125730013 0.0010714617597092242 0.012152031595186956 0.012902583806795315 0.025152542226651156 2.6858985798062243
295 2655 0.012973647870223506 2.630760190945027 0.00028038905019966406 0.00028038905019966406 0.0010592713190531369 0.011565928534068074 0.013004694156581138 0.024732564009530587 2.630760190945027
296 2664 0.014927028119816914 2.558608728966888 0.00027132712837289513 0.00027132712837289513 0.0010778513919711668 0.011165478497285218 0.012620934891649505 0.02433534502564329 2.558608728966888
297 2673 0.01571265522886416 3.0238774313647214 0.0002640490965554725 0.0002640490965554725 0.0010429208170112836 0.010610772400437707 0.012348385160392824 0.024043727354172505 3.0238774313647214
298 2682 0.015850958344479214 3.0832273959782204 0.0002592367901719153 0.0002592367901719153 0.001006576034217842 0.010836131739199584 0.011864306019953566 0.022260310976285242 3.0832273959782204
299 2691 0.015234060757740841 3.0520048779944493 0.0002521258394747525 0.0002521258394747525 0.0010614420220599662 0.0101781448337459 0.011323477305139468 0.02201486887321136 3.0520048779944493
300 2700 0.016017112450653934 3.0942032249851024 0.00025413478993802866 0.00025413478993802866 0.0009799824613623144 0.010238234479515464 0.010572977508550548 0.021756833750206383 3.0942032249851024
301 2709 0.02016269219202849 3.1498695827465255 0.00024775469982503146 0.00024775469982503146 0.0009736089339177431 0.009609382301792736 0.011040601517986375 0.02159679203176716 3.1498695827465255
302 2718 0.02315929046446695 3.26917955558472 0.0002381177475941281 0.0002381177475941281 0.0009442448189687314 0.009536904354602284 0.01111558634539014 0.021573249578298252 3.26917955558472
303 2727 0.02618862039652913 3.3232123548297587 0.00023837544237286434 0.00023837544237286434 0.0008718788133524866 0.009617505543621766 0.011166441386735167 0.021163091692994854 3.3232123548297587
304 2736 0.026679554943581932 3.614039948059047 0.000241154367077948 0.000241154367077948 0.000810131398805087 0.00903794773768925 0.0112278004341405 0.021015407997484678 3.614039948059047
305 2745 0.024392086670721645 3.729293941789885 0.0002320346410455214 0.0002320346410455214 0.0008029720293363254 0.008778931830669582 0.010770955909147966 0.021518293310286603 3.729293941789885
306 2754 0.021849201623053337 3.6596319786223597 0.00021172304879838236 0.00021172304879838236 0.0008090396167003128 0.008693747369806099 0.010762846427091789 0.021241509936253636 3.6596319786223597
307 2763 0.019693702303578857 3.5811322030643455 0.00020881116560331566 0.00020881116560331566 0.0008136762229470176 0.008088521576947574 0.01065737493645416 0.020680409389005398 3.5811322030643455
308 2772 0.01814579762994778 3.558865723854397 0.0002044843235532325 0.0002044843235532325 0.0008344838583981012 0.007307125985779917 0.010364341280352274 0.019979768849112713 3.558865723854397
309 2781 0.015767080692933925 3.5578564389119927 0.00020244124322075247 0.00020244124322075247 0.0007982242002362187 0.007134604061524286 0.009759801945794521 0.02005382905140546 3.5578564389119927
310 2790 0.016708035116362152 3.523779883164884 0.0001955572833813987 0.0001955572833813987 0.0007504730860147365 0.006954926780402834 0.009176025469802469 0.019868028396154574 3.523779883164884
311 2799 0.0172311368665267 3.4421971849079225 0.00019525654240634734 0.00019525654240634734 0.0008129501812113108 0.0066324781275154225 0.008949134412185448 0.019706033105349265 3.4421971849079225
312 2808 0.018746012601919035 3.3869263180186593 0.00019409961884318396 0.00019409961884318396 0.0008550631258758537 0.006361795174653919 0.0089379574777667 0.018830836870448866 3.3869263180186593
313 2817 0.018847062720166907 3.6643597757967084 0.00019230152151926267 0.00019230152151926267 0.0008163100887768412 0.005999606224027836 0.008825020823878548 0.01867728801793087 3.6643597757967084
314 2826 0.020779509063324344 3.808487364572065 0.00019073688389678129 0.00019073688389678129 0.0008209035674935551 0.006025969386298701 0.00843260399533287 0.017595711498076406 3.808487364572065
315 2835 0.02267932520512635 4.196479689868363 0.00019002388952716893 0.00019002388952716893 0.0007718305079638536 0.005947710779020438 0.008342266538675692 0.017704028520988752 4.196479689868363
316 2844 0.021012904748794855 4.226742051084949 0.00017147880086228139 0.00017147880086228139 0.0008181052482113716 0.005817162842695573 0.008083078477291169 0.017885584322752366 4.226742051084949
317 2853 0.018095188549397904 4.228981930573181 0.00017086671910957417 0.00017086671910957417 0.0007776290553628921 0.005462786957024736 0.007925107620795471 0.01718119090579748 4.228981930573181
318 2862 0.017269996357367774 4.021728778236465 0.00016679195519463388 0.00016679195519463388 0.0007719731536903469 0.005385154103435047 0.00759625757437448 0.0161116767823226 4.021728778236465
319 2871 0.015738305101283146 3.9783652358092803 0.0001650616029548737 0.0001650616029548737 0.0007455968980985539 0.005314681678338627 0.007101529154740809 0.016982885796164107 3.9783652358092803
320 2880 0.014886782132695757 4.1401724505811845 0.00016091456310620648 0.00016091456310620648 0.0007093645813311323 0.004910066810189979 0.0070494920450437 0.016575447627750185 4.1401724505811845
321 2889 0.014066680234140951 4.148451207797514 0.00015543598702414058 0.00015543598702414058 0.0006735828587372959 0.004800340611325395 0.007037344008361165 0.016635276328537132 4.148451207797514
322 2898 0.014360578890154579 4.225472449894551 0.00015432760459926643 0.00015432760459926643 0.0006735664236046141 0.004437859272679366 0.006787683012184571 0.01600139693558526 4.225472449894551
323 2907 0.013718996735727679 4.220343108797254 0.00016860812091608587 0.00016860812091608587 0.000676714689220437 0.003991557073661023 0.006684913149791658 0.0160510538399071 4.220343108797254
324 2916 0.013393649062191886 4.204600164081908 0.00016665100375457014 0.00016665100375457014 0.0006646840082743553 0.0040607078350218505 0.006239000305691256 0.016200940174434107 4.204600164081908
325 2925 0.0121121120578799 4.3683906651083495 0.00016506673189303013 0.00016506673189303013 0.0006217855744054069 0.004331402462413786 0.0062191201174708445 0.015150425096287693 4.3683906651083495
326 2934 0.011669396811286108 4.309813314996386 0.0001444117644417977 0.0001444117644417977 0.0006161005287245349 0.004202536069462962 0.006292213649902754 0.015254028409045179 4.309813314996386
327 2943 0.01172487558428723 4.370098211107188 0.00014429617088776325 0.00014429617088776325 0.0006091422856147467 0.003897584890877918 0.0064661070043699155 0.014985333070516608 4.370098211107188
328 2952 0.01061236008715918 4.205753211283775 0.00013653376502224427 0.00013653376502224427 0.0005967943591446306 0.003890824289511603 0.006671874459144633 0.014881615929831466 4.205753211283775
329 2961 0.009629817029110444 4.176466465965387 0.00013340799236847368 0.00013340799236847368 0.000595823558946672 0.003751834169627853 0.00618678116460443 0.014652334441687377 4.176466465965387
330 2970 0.0081831536810972 4.108147695841842 0.00012718279072625608 0.00012718279072625608 0.0006032578090321723 0.003517196260409212 0.006031024461636198 0.014397831521193293 4.108147695841842
331 2979 0.006935075672785439 4.120954617271415 0.00012450418219775303 0.00012450418219775303 0.0005845382328670837 0.003388317820348116 0.005943606221847909 0.013596898419231965 4.120954617271415
332 2988 0.006429278647083853 4.142970332436606 0.00012202918360249414 0.00012202918360249414 0.0005605935643263473 0.0033863984745476712 0.005280385801032418 0.013285669701875093 4.142970332436606
333 2997 0.00547040907352048 1.5486487268776152 0.20624992092226221 0.20624992092226221 0.7502608302083763 0.8319836327324895 1.0417673433257284 1.1039840645409 1.5486487268776152
334 3006 0.004953822298362606 1.5251785092089039 0.20306448085442982 0.20306448085442982 0.7478563158762114 0.8038233196804018 0.9818966945739906 1.043156171303361 1.5251785092089039
335 3015 0.004319187691923293 1.5198919627101184 0.19335469055553228 0.19335469055553228 0.6802700914765818 0.8198931598937949 0.972761680172194 1.0581639529589724 1.5198919627101184
336 3024 0.0040074022344810814 1.4837439172595135 0.18558390092091248 0.18558390092091248 0.6579083236292604 0.8025045098118428 0.9599854325549529 1.0200997979301178 1.4837439172595135
337 3033 0.0038974700560942175 1.481617304552108 0.19050997992618027 0.19050997992618027 0.6469384987265608 0.7130286162422553 0.9267086874372458 1.015655376521152 1.481617304552108
338 3042 0.0034840828898724976 1.3987926061090525 0.19421828542566907 0.19421828542566907 0.6359807255364119 0.7277242386227541 0.8364629682179563 1.0202555098166064 1.3987926061090525
339 3051 0.003158666286734363 1.3617997439947267 0.1862565861904348 0.1862565861904348 0.6075221953240572 0.724691472820714 0.8201917184164287 1.0073908352023895 1.3617997439947267
340 3060 0.0030131259005394474 1.254631243212103 0.18532704075597795 0.18532704075597795 0.5999391107828353 0.7196514150461759 0.7893117802253138 1.0081870186281143 1.254631243212103
341 3069 0.0027552280592595033 1.247280772569712 0.19096543943776936 0.19096543943776936 0.6027819334857993 0.7077982744623161 0.7738250631477621 0.9494310233834581 1.247280772569712
342 3078 0.002531259626275015 1.3079554100478028 0.18340568582063804 0.18340568582063804 0.5644655607198539 0.6763658685194858 0.7843228302251399 0.9190822884075168 1.3079554100478028
343 3087 0.0022794864215810394 1.36848940658423 0.17351703479042507 0.17351703479042507 0.5582005215185274 0.6609316728281025 0.76910165626601 0.86163133457789 1.36848940658423
344 3096 0.002318612315386925 1.317197815568281 0.17552941539387307 0.17552941539387307 0.5438397959060334 0.6228987305265254 0.7666222743825047 0.8600201250248122 1.317197815568281
345 3105 0.001929797017167483 1.2858614526354843 0.17215392370414367 0.17215392370414367 0.5333939061109452 0.6152182794022121 0.7664331555371743 0.8740560860708149 1.2858614526354843
346 3114 0.001700955937227377 1.2706181314405678 0.1628866001543009 0.1628866001543009 0.5235887474071265 0.5896666040305841 0.7470191135494709 0.8762296288143735 1.2706181314405678
347 3123 0.0014514668818975981 1.2043549734146795 0.15946118735201767 0.15946118735201767 0.49215853366057677 0.5767290903050227 0.7336607517580394 0.8933202878312961 1.2043549734146795
348 3132 0.0012531368461057507 1.18911755532595 0.15751225676373587 0.15751225676373587 0.4737695729154062 0.5387514719739135 0.7219565811022799 0.8865862444769622 1.18911755532595
349 3141 0.0010616507920757426 1.0610469236825257 0.15621903452188896 0.15621903452188896 0.46233626274222595 0.5456087330150458 0.6958975666247403 0.8741053806678566 1.0610469236825257
350 3150 0.0008908949983181505 1.0353643987057546 0.14992527250837206 0.14992527250837206 0.4511613339851589 0.5387160741835255 0.6859024868376089 0.8452094306329131 1.0353643987057546
351 3159 0.0007991737862869522 1.045948630687877 0.14096180645090137 0.14096180645090137 0.4421072289554074 0.5426037581630728 0.6518450108183091 0.8188783828948535 1.045948630687877
352 3168 0.0007656219856441215 1.115503572880463 0.13103667616772413 0.13103667616772413 0.42889026146093445 0.5187396178666185 0.652607672203876 0.8085845342841842 1.115503572880463
353 3177 0.0007390154661664857 1.1081494511471925 0.1309948307216342 0.1309948307216342 0.40960637883441015 0.5107503232224041 0.6528680141126867 0.8388551771957897 1.1081494511471925
354 3186 0.0007632751900772035 1.104485588056669 0.12701098106371483 0.12701098106371483 0.40436408347569625 0.498537457982359 0.6334001708241804 0.8117105573866068 1.104485588056669
355 3195 0.0006559422183129733 1.113081429993417 0.12247801057255436 0.12247801057255436 0.3994494521320478 0.45638222485085994 0.6679564661225598 0.8099751964463758 1.113081429993417
356 3204 0.0007177990526820711 1.122424350381347 0.11628274572941273 0.11628274572941273 0.3847065341408965 0.41672105336529186 0.6623899174353832 0.8648066080330747 1.122424350381347
357 3213 0.0006680551662076813 1.198007947946281 0.11880252710872906 0.11880252710872906 0.3909644479053548 0.4310390566792501 0.6427885956304951 0.8435921070191245 1.198007947946281
358 3222 0.0006025980906255448 1.1572073794128848 0.1180042290686282 0.1180042290686282 0.3753522918848706 0.41558497931833194 0.6548191700640514 0.8371243613528361 1.1572073794128848
359 3231 0.0005726109913076772 1.1434240249242207 0.11388965719282551 0.11388965719282551 0.3756374521324894 0.4116723130191829 0.651423412371358 0.7797952479122234 1.1434240249242207
360 3240 0.0006207614645809345 1.1218517969160458 0.10965209320887052 0.10965209320887052 0.38236089255562467 0.40644766829568035 0.6479062350995499 0.7628241338121855 1.1218517969160458
361 3249 0.0006187130312823448 1.2623034582687322 0.10580976649375372 0.10580976649375372 0.38232904694037695 0.3962183790151572 0.6639682207054626 0.7430213717254774 1.2623034582687322
362 3258 0.0006440120500280927 1.306920049996275 0.10094967375552538 0.10094967375552538 0.388313695034 0.39901908739673914 0.6376139054464245 0.7139076468739146 1.306920049996275
363 3267 0.0006195302959277297 1.2227128833127627 0.0941202824798741 0.0941202824798741 0.3697822086782391 0.40181225369585316 0.6550244465153472 0.7991963856393356 1.2227128833127627
364 3276 0.000575970953299386 1.1808442437978541 0.09670907056085831 0.09670907056085831 0.35722774222381437 0.4077173070960851 0.6528503099273989 0.7865453985266361 1.1808442437978541
365 3285 0.0005228232046214892 1.1737720365293693 0.09834179361227946 0.09834179361227946 0.34011439623618983 0.42031798211866617 0.611210697526743 0.754897771463772 1.1737720365293693
366 3294 0.0005452413296366797 1.1768387528136064 0.09360426895075848 0.09360426895075848 0.3400859343501536 0.39673711062817746 0.5932573990974971 0.7616670439330058 1.1768387528136064
367 3303 0.0005116668660684223 1.1432048873516145 0.09705169162008345 0.09705169162008345 0.33407083853824304 0.39572903477473753 0.5931382602150863 0.7750655313397479 1.1432048873516145
368 3312 0.0005459320921354793 1.1118238171886097 0.09426280818656005 0.09426280818656005 0.33362145155080536 0.3887543536536132 0.5759962806221365 0.7712508381166907 1.1118238171886097
369 3321 0.0005012183856554538 1.1964498792253444 0.09318976073953632 0.09318976073953632 0.3208415055179156 0.36895209667839046 0.5818640320128675 0.8186735855233663 1.1964498792253444
370 3330 0.0005009980284299878 1.2536965337123152 0.08990019109466317 0.08990019109466317 0.32434975616786377 0.3642157122024383 0.5722037716966046 0.7593221169750496 1.2536965337123152
371 3339 0.0005314343686099132 1.2127918451310393 0.08892780963814464 0.08892780963814464 0.3237842484564623 0.35502633318291427 0.5686195779874375 0.771996696718987 1.2127918451310393
372 3348 0.0005112518002673205 1.2043485250263226 0.08423668641919715 0.08423668641919715 0.32612340687321817 0.3482688059577823 0.5770603982195818 0.8259329117859174 1.2043485250263226
