% # columns="iteration, evaluation, min max(neg(.)) min(pos(.)) max correlation, correlation matrix principal axes lengths  (sorted square roots of eigenvalues of correlation matrix)", seed=769447, Thu Nov 23 14:35:31 2023
1 9 -0.06859795362915543 -0.042445986576662445 0.05798128467695991 0.11339339475969826 0.9261385567901473 0.9496107457879821 0.9665978890981148 0.9979403144238265 1.026338595502813 1.1211331509373508
2 18 -0.11773388561104935 -0.05436670393816406 0.029122638312373522 0.26420277659045466 0.9261385567901473 0.9496107457879821 0.9665978890981148 0.9979403144238265 1.026338595502813 1.1211331509373508
3 27 -0.11945775438251431 -0.04613875290540273 0.07876369082448517 0.30120717410474696 0.9261385567901473 0.9496107457879821 0.9665978890981148 0.9979403144238265 1.026338595502813 1.1211331509373508
4 36 -0.14693846511495823 -0.05587517490242893 0.10027735913286859 0.35356266454774316 0.9261385567901473 0.9496107457879821 0.9665978890981148 0.9979403144238265 1.026338595502813 1.1211331509373508
5 45 -0.14390938933799044 -0.04853321145442617 0.14739608140540905 0.3003382543417581 0.9261385567901473 0.9496107457879821 0.9665978890981148 0.9979403144238265 1.026338595502813 1.1211331509373508
6 54 -0.21011001033464516 -0.01309983307986394 0.14021728917556248 0.2844806368329409 0.9261385567901473 0.9496107457879821 0.9665978890981148 0.9979403144238265 1.026338595502813 1.1211331509373508
7 63 -0.2913134541993112 -0.03595385674236826 0.1924913758664541 0.33894883112328933 0.7406061082887995 0.8068431248299253 0.8410438845676351 1.0185623113629996 1.097783868594481 1.3603504490520015
8 72 -0.3026708365533709 -0.05683384771527142 0.17906308146827887 0.38337245323285934 0.7406061082887995 0.8068431248299253 0.8410438845676351 1.0185623113629996 1.097783868594481 1.3603504490520015
9 81 -0.22984916050346418 -0.03498200086040994 0.20529257296775566 0.33266922006877386 0.7406061082887995 0.8068431248299253 0.8410438845676351 1.0185623113629996 1.097783868594481 1.3603504490520015
10 90 -0.2786861924848042 -0.016868695877310293 0.22154589345950382 0.31249384762628113 0.7406061082887995 0.8068431248299253 0.8410438845676351 1.0185623113629996 1.097783868594481 1.3603504490520015
11 99 -0.2932385487946598 0.0012318812124788078 0.1260228838337389 0.4727641356452979 0.7406061082887995 0.8068431248299253 0.8410438845676351 1.0185623113629996 1.097783868594481 1.3603504490520015
12 108 -0.31164278757118996 -0.020204379236237933 0.1593593004507704 0.5240954168085994 0.7406061082887995 0.8068431248299253 0.8410438845676351 1.0185623113629996 1.097783868594481 1.3603504490520015
13 117 -0.3679455937818973 -0.07754375275787878 0.1538262918191208 0.5418567923106956 0.6076842834726442 0.7186614821663847 0.9268606065829306 0.9710230741697655 1.2188475868716773 1.351554531287015
14 126 -0.36708740655374617 -0.07497543567488248 0.17040260292072457 0.5836177939255043 0.6076842834726442 0.7186614821663847 0.9268606065829306 0.9710230741697655 1.2188475868716773 1.351554531287015
15 135 -0.35211377582618747 -0.09945301031789432 0.19939294374901484 0.5591286339718695 0.6076842834726442 0.7186614821663847 0.9268606065829306 0.9710230741697655 1.2188475868716773 1.351554531287015
16 144 -0.4434857023985289 -0.037493184948979935 0.2217122347005981 0.555106559639818 0.6076842834726442 0.7186614821663847 0.9268606065829306 0.9710230741697655 1.2188475868716773 1.351554531287015
17 153 -0.4974220731545621 -0.06439057725027003 0.28762053065421184 0.5540613617514181 0.6076842834726442 0.7186614821663847 0.9268606065829306 0.9710230741697655 1.2188475868716773 1.351554531287015
18 162 -0.5567812433935181 -0.14009079552764325 0.27324672001130057 0.6330156219254135 0.6076842834726442 0.7186614821663847 0.9268606065829306 0.9710230741697655 1.2188475868716773 1.351554531287015
19 171 -0.5738520702591197 -0.16963837459042513 0.2923434365765064 0.593498036396737 0.6315189761640476 0.6409774551703145 0.7318911404545889 0.9791430192676707 1.0826107278784018 1.588678697199081
20 180 -0.5638730195231921 -0.09896183581983892 0.2684734218171395 0.5699509524785468 0.6315189761640476 0.6409774551703145 0.7318911404545889 0.9791430192676707 1.0826107278784018 1.588678697199081
21 189 -0.5309214073742385 -0.12199539930544512 0.19169005112406912 0.530119953118827 0.6315189761640476 0.6409774551703145 0.7318911404545889 0.9791430192676707 1.0826107278784018 1.588678697199081
22 198 -0.5140795379242702 -0.16900423878976534 0.12902268454741936 0.4968963036946491 0.6315189761640476 0.6409774551703145 0.7318911404545889 0.9791430192676707 1.0826107278784018 1.588678697199081
23 207 -0.47095183429134224 -0.21008709181901875 0.12013210613111594 0.4648931010665576 0.6315189761640476 0.6409774551703145 0.7318911404545889 0.9791430192676707 1.0826107278784018 1.588678697199081
24 216 -0.46094059535563037 -0.18774077233658573 0.184683374865072 0.40628399582932573 0.6315189761640476 0.6409774551703145 0.7318911404545889 0.9791430192676707 1.0826107278784018 1.588678697199081
25 225 -0.4122375810099388 -0.19039890698611894 0.18515293765315366 0.4229519696358004 0.6248269621390027 0.7357197266966374 0.8328102767652327 0.8875582582309991 1.3265177482375512 1.3517861502118291
26 234 -0.4350089401345248 -0.23315797807095198 0.12691688041564217 0.37574068193675 0.6248269621390027 0.7357197266966374 0.8328102767652327 0.8875582582309991 1.3265177482375512 1.3517861502118291
27 243 -0.3973604746233461 -0.1704457122978509 0.09612838169366973 0.3730737088738703 0.6248269621390027 0.7357197266966374 0.8328102767652327 0.8875582582309991 1.3265177482375512 1.3517861502118291
28 252 -0.3761140354089733 -0.24161787023912834 0.13278698558986438 0.3880792139237494 0.6248269621390027 0.7357197266966374 0.8328102767652327 0.8875582582309991 1.3265177482375512 1.3517861502118291
29 261 -0.38143543098616267 -0.23990565159264238 0.1342170641845899 0.3914264713303496 0.6248269621390027 0.7357197266966374 0.8328102767652327 0.8875582582309991 1.3265177482375512 1.3517861502118291
30 270 -0.36483509324029284 -0.19775166467008165 0.1142064204604387 0.40691076681199506 0.6248269621390027 0.7357197266966374 0.8328102767652327 0.8875582582309991 1.3265177482375512 1.3517861502118291
31 279 -0.4262150662326455 -0.2260577820914338 0.11268299494633183 0.3798985033978199 0.6017609253452751 0.7340607192569137 0.8209535168722867 0.9651878453965467 1.2426313460461686 1.396192584577394
32 288 -0.49141321257844894 -0.2703360082245068 0.07875498121115497 0.4242553362568387 0.6017609253452751 0.7340607192569137 0.8209535168722867 0.9651878453965467 1.2426313460461686 1.396192584577394
33 297 -0.5165806330844974 -0.28687871480683913 0.09661098516574557 0.43611273857584193 0.6017609253452751 0.7340607192569137 0.8209535168722867 0.9651878453965467 1.2426313460461686 1.396192584577394
34 306 -0.5040770502233978 -0.23674568601297882 0.0819196585203089 0.46373103025781953 0.6017609253452751 0.7340607192569137 0.8209535168722867 0.9651878453965467 1.2426313460461686 1.396192584577394
35 315 -0.5385378046769485 -0.2328978889503171 0.0693312487352511 0.4156989096953192 0.6017609253452751 0.7340607192569137 0.8209535168722867 0.9651878453965467 1.2426313460461686 1.396192584577394
36 324 -0.5854000320761896 -0.19620055796845043 0.06933124501500008 0.5145690696662977 0.6017609253452751 0.7340607192569137 0.8209535168722867 0.9651878453965467 1.2426313460461686 1.396192584577394
37 333 -0.6061965279788555 -0.18739445128275015 0.050847532189615186 0.5045378520350189 0.5417054596902402 0.6160785583742777 0.8836989732232152 0.9916082883346916 1.1158583591185294 1.5223835438117232
38 342 -0.5900266583275492 -0.18274044775498133 0.07302399509280372 0.5187066948594093 0.5417054596902402 0.6160785583742777 0.8836989732232152 0.9916082883346916 1.1158583591185294 1.5223835438117232
39 351 -0.6484191548128424 -0.16149234972320173 0.05015752961490228 0.5531717694983163 0.5417054596902402 0.6160785583742777 0.8836989732232152 0.9916082883346916 1.1158583591185294 1.5223835438117232
40 360 -0.642467104102317 -0.19248555823898833 0.1009290012130329 0.5809181921293399 0.5417054596902402 0.6160785583742777 0.8836989732232152 0.9916082883346916 1.1158583591185294 1.5223835438117232
41 369 -0.6764712150540249 -0.2824228350581064 0.13978096366725407 0.546601695384481 0.5417054596902402 0.6160785583742777 0.8836989732232152 0.9916082883346916 1.1158583591185294 1.5223835438117232
42 378 -0.6970388761506537 -0.31910154691218173 0.1468108639095163 0.5679973485630425 0.5417054596902402 0.6160785583742777 0.8836989732232152 0.9916082883346916 1.1158583591185294 1.5223835438117232
43 387 -0.7009715798348015 -0.3094605054083074 0.2086787630433438 0.5770936380773668 0.49187805714834065 0.5825679299061814 0.8041191675626173 0.8899061337675591 1.1426073044092702 1.6354138831784024
44 396 -0.707963621039883 -0.31291041156942484 0.24099078367787197 0.5661899665608925 0.49187805714834065 0.5825679299061814 0.8041191675626173 0.8899061337675591 1.1426073044092702 1.6354138831784024
45 405 -0.7096100399872023 -0.2830797313300702 0.240797532399741 0.5652418594421412 0.49187805714834065 0.5825679299061814 0.8041191675626173 0.8899061337675591 1.1426073044092702 1.6354138831784024
46 414 -0.6951739520996679 -0.3415259719753049 0.22975693551080176 0.5079829181232305 0.49187805714834065 0.5825679299061814 0.8041191675626173 0.8899061337675591 1.1426073044092702 1.6354138831784024
47 423 -0.7473814072638846 -0.360247099139061 0.2419946951835276 0.5400852968087452 0.49187805714834065 0.5825679299061814 0.8041191675626173 0.8899061337675591 1.1426073044092702 1.6354138831784024
48 432 -0.7681165274966026 -0.3255183305361423 0.25533161339086907 0.42710409523482434 0.49187805714834065 0.5825679299061814 0.8041191675626173 0.8899061337675591 1.1426073044092702 1.6354138831784024
49 441 -0.7513751733905757 -0.37150237718946627 0.2434420073219569 0.38446134163356843 0.41784537215765455 0.6051030453377391 0.7781510871597824 1.0160894955851465 1.0912052522493063 1.621903101133519
50 450 -0.7535907850459381 -0.37777358908277264 0.2495287383057135 0.36223905398897555 0.41784537215765455 0.6051030453377391 0.7781510871597824 1.0160894955851465 1.0912052522493063 1.621903101133519
51 459 -0.795737618731146 -0.3305004984036016 0.26243437816231563 0.42550353045536105 0.41784537215765455 0.6051030453377391 0.7781510871597824 1.0160894955851465 1.0912052522493063 1.621903101133519
52 468 -0.831721865908902 -0.2882511430913133 0.23047694202674165 0.4424772031084887 0.41784537215765455 0.6051030453377391 0.7781510871597824 1.0160894955851465 1.0912052522493063 1.621903101133519
53 477 -0.8550407434613173 -0.32199447584748636 0.2686089785775374 0.4815702797644462 0.41784537215765455 0.6051030453377391 0.7781510871597824 1.0160894955851465 1.0912052522493063 1.621903101133519
54 486 -0.8841914280870912 -0.3364625187531426 0.25538119395624426 0.5116167801214442 0.41784537215765455 0.6051030453377391 0.7781510871597824 1.0160894955851465 1.0912052522493063 1.621903101133519
55 495 -0.9198926993701053 -0.34649399485207566 0.2954048436076537 0.5863494696966182 0.238725621233717 0.5350172312243794 0.7348046990440159 0.902042233689839 1.1294439655693422 1.7399726525440724
56 504 -0.9454796768583579 -0.3386749355587506 0.299403075849827 0.6055419037925708 0.238725621233717 0.5350172312243794 0.7348046990440159 0.902042233689839 1.1294439655693422 1.7399726525440724
57 513 -0.9512336113788579 -0.29346687711996855 0.28389494937549886 0.6154103044261497 0.238725621233717 0.5350172312243794 0.7348046990440159 0.902042233689839 1.1294439655693422 1.7399726525440724
58 522 -0.9523662334633819 -0.3112212582341747 0.29443584038231463 0.5766598958652691 0.238725621233717 0.5350172312243794 0.7348046990440159 0.902042233689839 1.1294439655693422 1.7399726525440724
59 531 -0.9555749571463609 -0.318164313646333 0.2957520099920423 0.5657929560435161 0.238725621233717 0.5350172312243794 0.7348046990440159 0.902042233689839 1.1294439655693422 1.7399726525440724
60 540 -0.9599649154548408 -0.3690760940499558 0.26873293488326166 0.5739635118340597 0.238725621233717 0.5350172312243794 0.7348046990440159 0.902042233689839 1.1294439655693422 1.7399726525440724
61 549 -0.9640973752991251 -0.39256389471007014 0.23824191039051498 0.5424760420814225 0.1330654442694151 0.6234211651330022 0.7126032028000181 0.9257852309374974 1.126353899935227 1.720489730292936
62 558 -0.9697349486898188 -0.386995903725891 0.22794011080598964 0.5952552633993969 0.1330654442694151 0.6234211651330022 0.7126032028000181 0.9257852309374974 1.126353899935227 1.720489730292936
63 567 -0.9700967098355187 -0.38984445154737396 0.265946684286708 0.5634221798935978 0.1330654442694151 0.6234211651330022 0.7126032028000181 0.9257852309374974 1.126353899935227 1.720489730292936
64 576 -0.9760977776017954 -0.35546025799322806 0.26583584767579616 0.5580654681752648 0.1330654442694151 0.6234211651330022 0.7126032028000181 0.9257852309374974 1.126353899935227 1.720489730292936
65 585 -0.976481835476179 -0.3890852982910063 0.2550962830967431 0.6260342488535584 0.1330654442694151 0.6234211651330022 0.7126032028000181 0.9257852309374974 1.126353899935227 1.720489730292936
66 594 -0.9777469079125016 -0.38064143403838474 0.27672352744825884 0.6066730053384252 0.1330654442694151 0.6234211651330022 0.7126032028000181 0.9257852309374974 1.126353899935227 1.720489730292936
67 603 -0.973389469663827 -0.3563676728290742 0.3032753931162683 0.5417486427310371 0.09904700009899912 0.5596090087772123 0.7258326016492269 0.8386640710038142 1.2171021447210426 1.7220625507723688
68 612 -0.9673595301297663 -0.3517517618778184 0.20925721024891727 0.5405732260524798 0.09904700009899912 0.5596090087772123 0.7258326016492269 0.8386640710038142 1.2171021447210426 1.7220625507723688
69 621 -0.9630688067282401 -0.3391696620010184 0.22250398656744128 0.5457576320156496 0.09904700009899912 0.5596090087772123 0.7258326016492269 0.8386640710038142 1.2171021447210426 1.7220625507723688
70 630 -0.9637161937453292 -0.33538004869358373 0.2093915270880686 0.550693045516154 0.09904700009899912 0.5596090087772123 0.7258326016492269 0.8386640710038142 1.2171021447210426 1.7220625507723688
71 639 -0.9587307802779261 -0.3287124992704465 0.24146863734146967 0.5537783095807792 0.09904700009899912 0.5596090087772123 0.7258326016492269 0.8386640710038142 1.2171021447210426 1.7220625507723688
72 648 -0.960642722440975 -0.339989011449065 0.23031660626266567 0.557352751760693 0.09904700009899912 0.5596090087772123 0.7258326016492269 0.8386640710038142 1.2171021447210426 1.7220625507723688
73 657 -0.9553290352354936 -0.37074434304129383 0.2676456696685139 0.5338772133070189 0.11609521683488594 0.617229723429535 0.7777864153017975 0.8300259509820666 1.2030819013194771 1.6924090878770912
74 666 -0.9496174336217538 -0.3839013975126687 0.27255663168848177 0.5345383606341813 0.11609521683488594 0.617229723429535 0.7777864153017975 0.8300259509820666 1.2030819013194771 1.6924090878770912
75 675 -0.9444727635728997 -0.3801582089512734 0.2158676023435724 0.5605974285685531 0.11609521683488594 0.617229723429535 0.7777864153017975 0.8300259509820666 1.2030819013194771 1.6924090878770912
76 684 -0.9374627613867039 -0.3485959926469676 0.1903926892092448 0.562247132509338 0.11609521683488594 0.617229723429535 0.7777864153017975 0.8300259509820666 1.2030819013194771 1.6924090878770912
77 693 -0.9333766786793439 -0.3585215627780848 0.11157758937039836 0.6145210376091607 0.11609521683488594 0.617229723429535 0.7777864153017975 0.8300259509820666 1.2030819013194771 1.6924090878770912
78 702 -0.9095357798914372 -0.2858769390052236 0.1040199810259942 0.572645778527236 0.11609521683488594 0.617229723429535 0.7777864153017975 0.8300259509820666 1.2030819013194771 1.6924090878770912
79 711 -0.8893654547305071 -0.2831364728775417 0.040263386836046626 0.5831159318078613 0.1663984666992408 0.6312319308851334 0.8592792715953191 0.9800281204950579 1.269796357716475 1.5042137567801601
80 720 -0.8731016310031251 -0.2853424954389888 0.02537227622037884 0.6242748437528413 0.1663984666992408 0.6312319308851334 0.8592792715953191 0.9800281204950579 1.269796357716475 1.5042137567801601
81 729 -0.8823184313303688 -0.3007892045528318 0.007527689291179127 0.6070199685887648 0.1663984666992408 0.6312319308851334 0.8592792715953191 0.9800281204950579 1.269796357716475 1.5042137567801601
82 738 -0.8503874512336665 -0.31763388257751757 -0.005077531901839766 0.6127953855769928 0.1663984666992408 0.6312319308851334 0.8592792715953191 0.9800281204950579 1.269796357716475 1.5042137567801601
83 747 -0.8633957629323488 -0.2854912670693661 0.05675682228025484 0.5866605481622964 0.1663984666992408 0.6312319308851334 0.8592792715953191 0.9800281204950579 1.269796357716475 1.5042137567801601
84 756 -0.8589690263211915 -0.28126134356012505 0.07557783892681166 0.5862822267836172 0.1663984666992408 0.6312319308851334 0.8592792715953191 0.9800281204950579 1.269796357716475 1.5042137567801601
85 765 -0.8460903438030135 -0.3331327323428302 0.1453121385889619 0.5910103985867737 0.2182812484970164 0.6460960796008507 0.8526866577499477 0.913054663492721 1.2768189930087748 1.5309810765455178
86 774 -0.8463069208994809 -0.2703505228314355 0.14382559011726073 0.6341237660221962 0.2182812484970164 0.6460960796008507 0.8526866577499477 0.913054663492721 1.2768189930087748 1.5309810765455178
87 783 -0.8330255175331064 -0.2964493027297025 0.1709126202271793 0.6707617830519769 0.2182812484970164 0.6460960796008507 0.8526866577499477 0.913054663492721 1.2768189930087748 1.5309810765455178
88 792 -0.8410418246069421 -0.2958906920364494 0.10792393292854571 0.6800127491860352 0.2182812484970164 0.6460960796008507 0.8526866577499477 0.913054663492721 1.2768189930087748 1.5309810765455178
89 801 -0.8489540333619521 -0.33794988281396343 0.12556021600399286 0.6929134637171575 0.2182812484970164 0.6460960796008507 0.8526866577499477 0.913054663492721 1.2768189930087748 1.5309810765455178
90 810 -0.8141827747378454 -0.357074935481555 0.1357804522879734 0.697329238680029 0.2182812484970164 0.6460960796008507 0.8526866577499477 0.913054663492721 1.2768189930087748 1.5309810765455178
91 819 -0.794433365148905 -0.37670831020431506 0.12428212457175959 0.6512679846831244 0.2307116797959067 0.5875965507703607 0.8128994338950799 0.9119907303281478 1.3363739474823444 1.5241635427301006
92 828 -0.7728807054844795 -0.36852322181738983 0.16568351851402285 0.6344080928374287 0.2307116797959067 0.5875965507703607 0.8128994338950799 0.9119907303281478 1.3363739474823444 1.5241635427301006
93 837 -0.7508489013243688 -0.4014563901125509 0.1818474813482263 0.6299967414959363 0.2307116797959067 0.5875965507703607 0.8128994338950799 0.9119907303281478 1.3363739474823444 1.5241635427301006
94 846 -0.7253377351269996 -0.36424580780041416 0.1756757923520431 0.6685833363227041 0.2307116797959067 0.5875965507703607 0.8128994338950799 0.9119907303281478 1.3363739474823444 1.5241635427301006
95 855 -0.7040570221815678 -0.38061728785047155 0.2023443064247028 0.6570497503145615 0.2307116797959067 0.5875965507703607 0.8128994338950799 0.9119907303281478 1.3363739474823444 1.5241635427301006
96 864 -0.6775212473879004 -0.35475464980149035 0.1565234866479396 0.6649397290356845 0.2307116797959067 0.5875965507703607 0.8128994338950799 0.9119907303281478 1.3363739474823444 1.5241635427301006
97 873 -0.7362406615720108 -0.4142383419763945 0.21026043370582173 0.636070937496457 0.21852674278816148 0.62791446261171 0.8074047970314542 0.9046001287543094 1.1814796425748155 1.6406923676603773
98 882 -0.7787303970184732 -0.44933278483000805 0.26185460222051493 0.6327592088060264 0.21852674278816148 0.62791446261171 0.8074047970314542 0.9046001287543094 1.1814796425748155 1.6406923676603773
99 891 -0.8352859509952946 -0.45954954046677765 0.26832069559329746 0.657994184322487 0.21852674278816148 0.62791446261171 0.8074047970314542 0.9046001287543094 1.1814796425748155 1.6406923676603773
100 900 -0.7756463431344292 -0.44230466284326414 0.26039669642216967 0.6740086113077632 0.21852674278816148 0.62791446261171 0.8074047970314542 0.9046001287543094 1.1814796425748155 1.6406923676603773
101 909 -0.7661992077878915 -0.43668698470220574 0.2535305432757619 0.6921266793540063 0.21852674278816148 0.62791446261171 0.8074047970314542 0.9046001287543094 1.1814796425748155 1.6406923676603773
102 918 -0.7922680090749505 -0.35406110208005537 0.20326614189430342 0.6601855170872754 0.21852674278816148 0.62791446261171 0.8074047970314542 0.9046001287543094 1.1814796425748155 1.6406923676603773
103 927 -0.787050911709708 -0.40737810983223277 0.18368660615178808 0.6744270446234121 0.18551569772716847 0.57100618909 0.7318478303661443 0.964213655514542 1.1660432063845276 1.677667988151964
104 936 -0.7871752545046675 -0.4016350453962018 0.1662854288149872 0.7085897967231417 0.18551569772716847 0.57100618909 0.7318478303661443 0.964213655514542 1.1660432063845276 1.677667988151964
105 945 -0.7556547066351683 -0.4413938935243268 0.18431752075478758 0.7315015989473515 0.18551569772716847 0.57100618909 0.7318478303661443 0.964213655514542 1.1660432063845276 1.677667988151964
106 954 -0.7193309127047534 -0.405859382246028 0.16876476407892557 0.7227561559494035 0.18551569772716847 0.57100618909 0.7318478303661443 0.964213655514542 1.1660432063845276 1.677667988151964
107 963 -0.7026973640574957 -0.4017601604571001 0.1576034603601475 0.7288804673107758 0.18551569772716847 0.57100618909 0.7318478303661443 0.964213655514542 1.1660432063845276 1.677667988151964
108 972 -0.7160419673439701 -0.42945825776652446 0.22088299741017295 0.7104190858102201 0.18551569772716847 0.57100618909 0.7318478303661443 0.964213655514542 1.1660432063845276 1.677667988151964
109 981 -0.6996013608678072 -0.41769751492422197 0.28283874163280565 0.7197925421049594 0.19380516833040637 0.5463444549639919 0.729071097383392 0.8839778949455247 1.1788039150286729 1.7208739173395158
110 990 -0.6850033516431715 -0.36776222229025335 0.19823515492950847 0.6958808439304529 0.19380516833040637 0.5463444549639919 0.729071097383392 0.8839778949455247 1.1788039150286729 1.7208739173395158
111 999 -0.6454098864974759 -0.3323260674579838 0.1601269973237834 0.681309131432422 0.19380516833040637 0.5463444549639919 0.729071097383392 0.8839778949455247 1.1788039150286729 1.7208739173395158
112 1008 -0.6407323743244986 -0.37185660321155606 0.13625050535676497 0.6978708579306628 0.19380516833040637 0.5463444549639919 0.729071097383392 0.8839778949455247 1.1788039150286729 1.7208739173395158
113 1017 -0.6622366348932093 -0.38110382216629446 0.08612154694991414 0.6808768457145595 0.19380516833040637 0.5463444549639919 0.729071097383392 0.8839778949455247 1.1788039150286729 1.7208739173395158
114 1026 -0.6896162427425954 -0.37732304541452905 0.047152037762962555 0.6600672872007644 0.19380516833040637 0.5463444549639919 0.729071097383392 0.8839778949455247 1.1788039150286729 1.7208739173395158
115 1035 -0.6796000532357136 -0.34982810946258114 0.08568703537344127 0.655518914848346 0.20517355496509285 0.5689582968598881 0.7758425123769076 0.979513257601882 1.2460376621657434 1.587514594393591
116 1044 -0.6865211942907589 -0.3785510665634404 0.12256086014005282 0.6820656349091848 0.20517355496509285 0.5689582968598881 0.7758425123769076 0.979513257601882 1.2460376621657434 1.587514594393591
117 1053 -0.6711928189254988 -0.3156866815823156 0.0906945204723188 0.65312317440626 0.20517355496509285 0.5689582968598881 0.7758425123769076 0.979513257601882 1.2460376621657434 1.587514594393591
118 1062 -0.6839877504846312 -0.34657411045161424 0.11193926240844693 0.6920994252855037 0.20517355496509285 0.5689582968598881 0.7758425123769076 0.979513257601882 1.2460376621657434 1.587514594393591
119 1071 -0.6946555919209709 -0.3471691049222073 0.13956055580341636 0.7008733335650558 0.20517355496509285 0.5689582968598881 0.7758425123769076 0.979513257601882 1.2460376621657434 1.587514594393591
120 1080 -0.6842969846543637 -0.33922906928159274 0.13006136357016582 0.6722255408489173 0.20517355496509285 0.5689582968598881 0.7758425123769076 0.979513257601882 1.2460376621657434 1.587514594393591
121 1089 -0.735046976636414 -0.4036209522458585 0.07188583715605672 0.6829099486271645 0.18409116036291648 0.5520127258577462 0.7726713619794031 1.022892006279761 1.1747118006844468 1.624227659648086
122 1098 -0.7692202359228175 -0.4435482052840113 0.08633309746669458 0.7330043421246882 0.18409116036291648 0.5520127258577462 0.7726713619794031 1.022892006279761 1.1747118006844468 1.624227659648086
123 1107 -0.7570668531632714 -0.39275119132304664 0.026865863606460184 0.7112053442123675 0.18409116036291648 0.5520127258577462 0.7726713619794031 1.022892006279761 1.1747118006844468 1.624227659648086
124 1116 -0.7346056051604057 -0.4004982065010238 0.06735627325040534 0.6945565166187604 0.18409116036291648 0.5520127258577462 0.7726713619794031 1.022892006279761 1.1747118006844468 1.624227659648086
125 1125 -0.744236038947185 -0.4016250740293901 0.1149879161211023 0.6786020008793707 0.18409116036291648 0.5520127258577462 0.7726713619794031 1.022892006279761 1.1747118006844468 1.624227659648086
126 1134 -0.7539452446595766 -0.39727518629206127 0.10699482431183474 0.6677126455761262 0.18409116036291648 0.5520127258577462 0.7726713619794031 1.022892006279761 1.1747118006844468 1.624227659648086
127 1143 -0.7103151477268621 -0.384266481594578 0.1375641008549718 0.6477837652441317 0.20328602091146813 0.5635903313527091 0.7774385847312235 0.9967291097146428 1.198342578133573 1.6146628522259612
128 1152 -0.6887744471778953 -0.4066131356509885 0.18055272620928417 0.6319426687304619 0.20328602091146813 0.5635903313527091 0.7774385847312235 0.9967291097146428 1.198342578133573 1.6146628522259612
129 1161 -0.7062773515087933 -0.3899928528577791 0.17386250952911653 0.6286783495548195 0.20328602091146813 0.5635903313527091 0.7774385847312235 0.9967291097146428 1.198342578133573 1.6146628522259612
130 1170 -0.7551831565997501 -0.37869913547230283 0.1890543750548323 0.6604873678252927 0.20328602091146813 0.5635903313527091 0.7774385847312235 0.9967291097146428 1.198342578133573 1.6146628522259612
131 1179 -0.7807816665396248 -0.41231179949721103 0.18929802429721576 0.682205094476487 0.20328602091146813 0.5635903313527091 0.7774385847312235 0.9967291097146428 1.198342578133573 1.6146628522259612
132 1188 -0.7853252896182448 -0.43395293571518034 0.22424124039413262 0.6475762234843494 0.20328602091146813 0.5635903313527091 0.7774385847312235 0.9967291097146428 1.198342578133573 1.6146628522259612
133 1197 -0.8191224853134237 -0.42554285297200833 0.18440185454905994 0.6803761036209409 0.2295270339618496 0.509526865757274 0.6058743272100731 1.0307610377057623 1.2390011233789036 1.6501587538153837
134 1206 -0.8393887036635396 -0.435511158568514 0.23768519021144663 0.6835770097931464 0.2295270339618496 0.509526865757274 0.6058743272100731 1.0307610377057623 1.2390011233789036 1.6501587538153837
135 1215 -0.8495307793073388 -0.437628395385235 0.24774168983448944 0.6774245670636097 0.2295270339618496 0.509526865757274 0.6058743272100731 1.0307610377057623 1.2390011233789036 1.6501587538153837
136 1224 -0.872031032591855 -0.4432814994739992 0.2565325376099236 0.657277174358456 0.2295270339618496 0.509526865757274 0.6058743272100731 1.0307610377057623 1.2390011233789036 1.6501587538153837
137 1233 -0.847722676803142 -0.39168961824494286 0.242903842767617 0.6357002275881322 0.2295270339618496 0.509526865757274 0.6058743272100731 1.0307610377057623 1.2390011233789036 1.6501587538153837
138 1242 -0.8473044005466858 -0.3618463163585938 0.15639650222834925 0.612272311072467 0.2295270339618496 0.509526865757274 0.6058743272100731 1.0307610377057623 1.2390011233789036 1.6501587538153837
139 1251 -0.8656948777976287 -0.3802145503368987 0.16758935008674727 0.6095550759645078 0.2335460158963773 0.5621248695599661 0.6249010151315739 0.949610484867317 1.326627863456209 1.6053875076442832
140 1260 -0.8418294797007032 -0.36023576187778594 0.15545860453767799 0.5605926898392344 0.2335460158963773 0.5621248695599661 0.6249010151315739 0.949610484867317 1.326627863456209 1.6053875076442832
141 1269 -0.8325552700994908 -0.39684611385278534 0.14285957640724764 0.5613383281589729 0.2335460158963773 0.5621248695599661 0.6249010151315739 0.949610484867317 1.326627863456209 1.6053875076442832
142 1278 -0.8300687831318023 -0.35256796659433964 0.08365497066989187 0.5443276272018046 0.2335460158963773 0.5621248695599661 0.6249010151315739 0.949610484867317 1.326627863456209 1.6053875076442832
143 1287 -0.8172554584381175 -0.4442631884950171 0.1191434204200224 0.5360609574387641 0.2335460158963773 0.5621248695599661 0.6249010151315739 0.949610484867317 1.326627863456209 1.6053875076442832
144 1296 -0.8378313380779613 -0.4430462453484432 0.09657691551241579 0.5810172818379725 0.2335460158963773 0.5621248695599661 0.6249010151315739 0.949610484867317 1.326627863456209 1.6053875076442832
145 1305 -0.8585397480661133 -0.4356713221907327 0.09914564198964859 0.5829112657634855 0.2742506054525601 0.48149125365850076 0.6951304625960565 0.982052123759468 1.278921238956909 1.6154505590684929
146 1314 -0.8859280203746461 -0.45499111423123156 0.1258580147405184 0.5920562286258394 0.2742506054525601 0.48149125365850076 0.6951304625960565 0.982052123759468 1.278921238956909 1.6154505590684929
147 1323 -0.8807133359767989 -0.4397044460383468 0.11075484402808168 0.621201497196093 0.2742506054525601 0.48149125365850076 0.6951304625960565 0.982052123759468 1.278921238956909 1.6154505590684929
148 1332 -0.901993298515544 -0.42020451479513127 0.12863516146906798 0.6050302600922811 0.2742506054525601 0.48149125365850076 0.6951304625960565 0.982052123759468 1.278921238956909 1.6154505590684929
149 1341 -0.9012771648874834 -0.3807296913806937 0.10439918868593252 0.6574220337344961 0.2742506054525601 0.48149125365850076 0.6951304625960565 0.982052123759468 1.278921238956909 1.6154505590684929
150 1350 -0.9184209931668783 -0.4205877922489473 0.07232305827634905 0.6385671869775247 0.2742506054525601 0.48149125365850076 0.6951304625960565 0.982052123759468 1.278921238956909 1.6154505590684929
151 1359 -0.908350859668399 -0.42831647254396077 0.03333011667099719 0.5843705984598594 0.25576452895933677 0.4490525456208628 0.7118345136520017 0.9795371281417842 1.3484020710662397 1.564783311358947
152 1368 -0.9080517218751435 -0.4482266760974132 0.062129895252202486 0.5373682256298834 0.25576452895933677 0.4490525456208628 0.7118345136520017 0.9795371281417842 1.3484020710662397 1.564783311358947
153 1377 -0.9129555040286907 -0.44798287168710826 0.08128971086519449 0.5248911011389057 0.25576452895933677 0.4490525456208628 0.7118345136520017 0.9795371281417842 1.3484020710662397 1.564783311358947
154 1386 -0.9091107847699222 -0.45702408741326983 0.12332372470640716 0.5049526597943164 0.25576452895933677 0.4490525456208628 0.7118345136520017 0.9795371281417842 1.3484020710662397 1.564783311358947
155 1395 -0.9146307597323307 -0.4527737203961746 0.12349706850672544 0.5773671436574448 0.25576452895933677 0.4490525456208628 0.7118345136520017 0.9795371281417842 1.3484020710662397 1.564783311358947
156 1404 -0.9062329583131107 -0.4244041056797956 0.07284038370409877 0.5664922942209621 0.25576452895933677 0.4490525456208628 0.7118345136520017 0.9795371281417842 1.3484020710662397 1.564783311358947
157 1413 -0.8965634690111608 -0.4950024602579356 0.11844025382270246 0.5251810058844083 0.2880554553115961 0.4577899172033038 0.6967228599479938 0.936901290596404 1.354136752452718 1.5844744649673936
158 1422 -0.9039861911490711 -0.454549668506001 0.15615682341968795 0.5105853467892729 0.2880554553115961 0.4577899172033038 0.6967228599479938 0.936901290596404 1.354136752452718 1.5844744649673936
159 1431 -0.9086498339447499 -0.4656063408481786 0.1420295174167235 0.5440994766873551 0.2880554553115961 0.4577899172033038 0.6967228599479938 0.936901290596404 1.354136752452718 1.5844744649673936
160 1440 -0.919497686198018 -0.47122490919123694 0.12467400662919219 0.5650694527917096 0.2880554553115961 0.4577899172033038 0.6967228599479938 0.936901290596404 1.354136752452718 1.5844744649673936
161 1449 -0.9213063643932968 -0.5029050107721307 0.1311012645777952 0.5761245620796627 0.2880554553115961 0.4577899172033038 0.6967228599479938 0.936901290596404 1.354136752452718 1.5844744649673936
162 1458 -0.9403818349737773 -0.5039876278264503 0.140429547383966 0.581208628350788 0.2880554553115961 0.4577899172033038 0.6967228599479938 0.936901290596404 1.354136752452718 1.5844744649673936
163 1467 -0.9381932379832227 -0.5317302450781806 0.19794389664308729 0.6220272759573611 0.23947404873248276 0.4908656986607077 0.6218276690823888 0.9303980081275235 1.2536773962102452 1.6963743479932163
164 1476 -0.9372931993828924 -0.506499578860328 0.18738953096475466 0.6083003039755561 0.23947404873248276 0.4908656986607077 0.6218276690823888 0.9303980081275235 1.2536773962102452 1.6963743479932163
165 1485 -0.9406863275319491 -0.5126425009905272 0.20355274817718733 0.614519750042773 0.23947404873248276 0.4908656986607077 0.6218276690823888 0.9303980081275235 1.2536773962102452 1.6963743479932163
166 1494 -0.9520359462793291 -0.5225650391115967 0.209324614193836 0.6113813562748265 0.23947404873248276 0.4908656986607077 0.6218276690823888 0.9303980081275235 1.2536773962102452 1.6963743479932163
167 1503 -0.9593077733380082 -0.4727519175374514 0.13346702437651875 0.6530217557608131 0.23947404873248276 0.4908656986607077 0.6218276690823888 0.9303980081275235 1.2536773962102452 1.6963743479932163
168 1512 -0.9621314297974695 -0.48747591121836037 0.052418224157972496 0.6538622856125453 0.23947404873248276 0.4908656986607077 0.6218276690823888 0.9303980081275235 1.2536773962102452 1.6963743479932163
169 1521 -0.9596810449128332 -0.48936708968133424 0.04556817767621419 0.6706264066428105 0.18642373958755565 0.5023812069537449 0.6436456133349571 0.9819917336131647 1.1956472932322917 1.7043178758536395
170 1530 -0.950550022449006 -0.5081533297353179 0.04843574037181395 0.6289683143357029 0.18642373958755565 0.5023812069537449 0.6436456133349571 0.9819917336131647 1.1956472932322917 1.7043178758536395
171 1539 -0.9479076731384228 -0.47643644390755907 0.047882173033968536 0.5954995800575378 0.18642373958755565 0.5023812069537449 0.6436456133349571 0.9819917336131647 1.1956472932322917 1.7043178758536395
172 1548 -0.9445374769685831 -0.47415353110763525 0.06839726752727207 0.5862538780215885 0.18642373958755565 0.5023812069537449 0.6436456133349571 0.9819917336131647 1.1956472932322917 1.7043178758536395
173 1557 -0.9392303430563658 -0.44598140999685426 0.09944115196734665 0.567553333723451 0.18642373958755565 0.5023812069537449 0.6436456133349571 0.9819917336131647 1.1956472932322917 1.7043178758536395
174 1566 -0.9523880321696262 -0.4129768534975406 0.054504749374793396 0.5592111097169156 0.18642373958755565 0.5023812069537449 0.6436456133349571 0.9819917336131647 1.1956472932322917 1.7043178758536395
175 1575 -0.9555927006071011 -0.3808612569794284 0.0675593852467885 0.5837600147721048 0.19535483198597423 0.5002553356793172 0.7860370937605031 0.9529329921056807 1.3105210168068826 1.5710442874217827
176 1584 -0.954916574538474 -0.3912183231139288 0.040949820307266266 0.5612231862373501 0.19535483198597423 0.5002553356793172 0.7860370937605031 0.9529329921056807 1.3105210168068826 1.5710442874217827
177 1593 -0.9549944820459008 -0.4335659335700416 0.07126307898997629 0.5937141207767175 0.19535483198597423 0.5002553356793172 0.7860370937605031 0.9529329921056807 1.3105210168068826 1.5710442874217827
178 1602 -0.9605814059582107 -0.34712876048099767 0.0688853217269426 0.5967235134761786 0.19535483198597423 0.5002553356793172 0.7860370937605031 0.9529329921056807 1.3105210168068826 1.5710442874217827
179 1611 -0.9541393440015422 -0.3223759749990088 0.08782563308050477 0.5641624645571629 0.19535483198597423 0.5002553356793172 0.7860370937605031 0.9529329921056807 1.3105210168068826 1.5710442874217827
180 1620 -0.9513946278811785 -0.3015113265058958 0.07558410155062498 0.5985177944658189 0.19535483198597423 0.5002553356793172 0.7860370937605031 0.9529329921056807 1.3105210168068826 1.5710442874217827
181 1629 -0.9522756208652526 -0.341570604642873 0.0933811150776771 0.5641501441784894 0.1874294241835038 0.44382173928814395 0.8283092443753314 0.9496361701581586 1.3398031136104742 1.5443170113208224
182 1638 -0.9556334874216795 -0.3590599552870972 0.11592645146877778 0.5752972634179911 0.1874294241835038 0.44382173928814395 0.8283092443753314 0.9496361701581586 1.3398031136104742 1.5443170113208224
183 1647 -0.9544681465359154 -0.41320018970137923 0.10734521574715263 0.5662002692240192 0.1874294241835038 0.44382173928814395 0.8283092443753314 0.9496361701581586 1.3398031136104742 1.5443170113208224
184 1656 -0.9559678371586403 -0.34497469185116464 0.05146360996389819 0.5165028089246421 0.1874294241835038 0.44382173928814395 0.8283092443753314 0.9496361701581586 1.3398031136104742 1.5443170113208224
185 1665 -0.9503532767013448 -0.30230557811889686 0.06530353636944153 0.48626164954905077 0.1874294241835038 0.44382173928814395 0.8283092443753314 0.9496361701581586 1.3398031136104742 1.5443170113208224
186 1674 -0.9517745867364122 -0.23824177197169832 0.011608982962879065 0.4546665047214427 0.1874294241835038 0.44382173928814395 0.8283092443753314 0.9496361701581586 1.3398031136104742 1.5443170113208224
187 1683 -0.955621520306321 -0.20606670746767758 0.03741980035920939 0.47164997611523457 0.18119399871098144 0.3546589633274747 0.9302718310084356 1.0032329342032458 1.2577316638498488 1.5451908673281292
188 1692 -0.9621863038888253 -0.17668794867783447 0.05950140500670014 0.5025572778262357 0.18119399871098144 0.3546589633274747 0.9302718310084356 1.0032329342032458 1.2577316638498488 1.5451908673281292
189 1701 -0.9601985602761162 -0.18003970295222002 0.09990023452364036 0.4916907968498471 0.18119399871098144 0.3546589633274747 0.9302718310084356 1.0032329342032458 1.2577316638498488 1.5451908673281292
190 1710 -0.9646715984162226 -0.1745119505827328 0.04917151122520697 0.49870200026491274 0.18119399871098144 0.3546589633274747 0.9302718310084356 1.0032329342032458 1.2577316638498488 1.5451908673281292
191 1719 -0.970131318384065 -0.15695434856719928 0.07004030940552722 0.5057081899755311 0.18119399871098144 0.3546589633274747 0.9302718310084356 1.0032329342032458 1.2577316638498488 1.5451908673281292
192 1728 -0.9715399917192776 -0.19028584301674153 0.14089064232621445 0.5163924775815926 0.18119399871098144 0.3546589633274747 0.9302718310084356 1.0032329342032458 1.2577316638498488 1.5451908673281292
193 1737 -0.9683545442288616 -0.14810514992326818 0.0800100199967217 0.46756460933268224 0.16155457989338273 0.2638906616830443 0.947216927436075 0.9777793950320584 1.2466882602723943 1.580113212754153
194 1746 -0.9680843232214408 -0.1286454503773383 0.08618559724136356 0.40923171772103606 0.16155457989338273 0.2638906616830443 0.947216927436075 0.9777793950320584 1.2466882602723943 1.580113212754153
195 1755 -0.966337577456068 -0.12644604632022527 0.06826256432164789 0.39502333098318476 0.16155457989338273 0.2638906616830443 0.947216927436075 0.9777793950320584 1.2466882602723943 1.580113212754153
196 1764 -0.9638831588470387 -0.15465835260636862 0.0657745009200836 0.4294109188044122 0.16155457989338273 0.2638906616830443 0.947216927436075 0.9777793950320584 1.2466882602723943 1.580113212754153
197 1773 -0.9627781158937359 -0.1644863436145635 0.07161521144292482 0.4642841311836985 0.16155457989338273 0.2638906616830443 0.947216927436075 0.9777793950320584 1.2466882602723943 1.580113212754153
198 1782 -0.9667806035444585 -0.08182944391879104 0.02020302423549623 0.4077673534176894 0.16155457989338273 0.2638906616830443 0.947216927436075 0.9777793950320584 1.2466882602723943 1.580113212754153
199 1791 -0.9664891720988402 -0.10329266563525313 0.011035588577484596 0.38469102804087296 0.15633383729511227 0.29959216792800897 0.9708488279538396 1.0021996481203734 1.2695404668753958 1.5254899821915056
200 1800 -0.9659329000741762 -0.10611530042740282 0.0352784477051679 0.3490915776162932 0.15633383729511227 0.29959216792800897 0.9708488279538396 1.0021996481203734 1.2695404668753958 1.5254899821915056
201 1809 -0.9665017870116942 -0.11029278894251383 0.07452557577441245 0.3699784663672284 0.15633383729511227 0.29959216792800897 0.9708488279538396 1.0021996481203734 1.2695404668753958 1.5254899821915056
202 1818 -0.9635557002486285 -0.12565017406271212 0.061714426113760844 0.40373212916185564 0.15633383729511227 0.29959216792800897 0.9708488279538396 1.0021996481203734 1.2695404668753958 1.5254899821915056
203 1827 -0.9614204221734339 -0.18275915946497895 0.09340694035979746 0.3999970721828147 0.15633383729511227 0.29959216792800897 0.9708488279538396 1.0021996481203734 1.2695404668753958 1.5254899821915056
204 1836 -0.9573215516496552 -0.1440873646058603 0.08359186841906524 0.40850744323630317 0.15633383729511227 0.29959216792800897 0.9708488279538396 1.0021996481203734 1.2695404668753958 1.5254899821915056
205 1845 -0.9611993472080453 -0.10784424749368159 0.07373422968478158 0.3816125854330484 0.162883552345392 0.2664185933530725 0.8895971889281212 1.0802997343570906 1.26432674568689 1.531514703498174
206 1854 -0.960801298866707 -0.14585605404844476 0.11426420244313601 0.4121527033602241 0.162883552345392 0.2664185933530725 0.8895971889281212 1.0802997343570906 1.26432674568689 1.531514703498174
207 1863 -0.9626711399415135 -0.1575472213107247 0.09090633839539873 0.47305236335186907 0.162883552345392 0.2664185933530725 0.8895971889281212 1.0802997343570906 1.26432674568689 1.531514703498174
208 1872 -0.9595513865110995 -0.14163871373596446 0.0837507476311788 0.4386663449310067 0.162883552345392 0.2664185933530725 0.8895971889281212 1.0802997343570906 1.26432674568689 1.531514703498174
209 1881 -0.9579788759235424 -0.17296835646030614 0.12065018146981427 0.3880034421068908 0.162883552345392 0.2664185933530725 0.8895971889281212 1.0802997343570906 1.26432674568689 1.531514703498174
210 1890 -0.9561685048594457 -0.17796662997292462 0.16638175031100108 0.3460116893431671 0.162883552345392 0.2664185933530725 0.8895971889281212 1.0802997343570906 1.26432674568689 1.531514703498174
211 1899 -0.9569032125057738 -0.18464011297581395 0.17246496266556927 0.29503688525109417 0.16754172615565063 0.30502075720425065 0.824536695548995 1.0468515665436555 1.3711045451810724 1.4910417395812139
212 1908 -0.9598101270640587 -0.19389260072341963 0.1855739719456571 0.29730271567496325 0.16754172615565063 0.30502075720425065 0.824536695548995 1.0468515665436555 1.3711045451810724 1.4910417395812139
213 1917 -0.9594894850044656 -0.2211148714404094 0.18197934690727405 0.32486938866508525 0.16754172615565063 0.30502075720425065 0.824536695548995 1.0468515665436555 1.3711045451810724 1.4910417395812139
214 1926 -0.9586177813049491 -0.22108104152982375 0.1673614136925378 0.3334088680025435 0.16754172615565063 0.30502075720425065 0.824536695548995 1.0468515665436555 1.3711045451810724 1.4910417395812139
215 1935 -0.9588575997119588 -0.279411810767135 0.14605504267664965 0.4063798188406533 0.16754172615565063 0.30502075720425065 0.824536695548995 1.0468515665436555 1.3711045451810724 1.4910417395812139
216 1944 -0.9607315860967309 -0.27353999087358055 0.15060587711074122 0.38528011906031456 0.16754172615565063 0.30502075720425065 0.824536695548995 1.0468515665436555 1.3711045451810724 1.4910417395812139
217 1953 -0.9636668447655541 -0.2741499312389303 0.1659428677989314 0.37309483023508083 0.17077302463417462 0.3845452917510757 0.772971954602614 1.0456955461338273 1.2806248791223593 1.57860590199578
218 1962 -0.9689086995590482 -0.27172848546756295 0.1430516362457387 0.3644060206597186 0.17077302463417462 0.3845452917510757 0.772971954602614 1.0456955461338273 1.2806248791223593 1.57860590199578
219 1971 -0.9693848648356083 -0.26752203086288073 0.15619872959069792 0.3884858198570693 0.17077302463417462 0.3845452917510757 0.772971954602614 1.0456955461338273 1.2806248791223593 1.57860590199578
220 1980 -0.9723816858876774 -0.28235162997305513 0.15271183933197727 0.46150286346702696 0.17077302463417462 0.3845452917510757 0.772971954602614 1.0456955461338273 1.2806248791223593 1.57860590199578
221 1989 -0.9711371834224284 -0.27276253164269715 0.1754175859391991 0.46291830219422936 0.17077302463417462 0.3845452917510757 0.772971954602614 1.0456955461338273 1.2806248791223593 1.57860590199578
222 1998 -0.9711545675816416 -0.2660562456408378 0.2057283216642635 0.45564423559154554 0.17077302463417462 0.3845452917510757 0.772971954602614 1.0456955461338273 1.2806248791223593 1.57860590199578
223 2007 -0.9713675980940706 -0.28404257780392933 0.178962726550706 0.5088048530295067 0.14901675336091408 0.3673346909493396 0.842591688419012 0.994501867713846 1.1692058902403488 1.6663799386667695
224 2016 -0.9698414605967761 -0.28377529234679266 0.179450932802524 0.4981313874224932 0.14901675336091408 0.3673346909493396 0.842591688419012 0.994501867713846 1.1692058902403488 1.6663799386667695
225 2025 -0.9704225081970174 -0.2828653344987565 0.14256511592281068 0.5029866205757518 0.14901675336091408 0.3673346909493396 0.842591688419012 0.994501867713846 1.1692058902403488 1.6663799386667695
226 2034 -0.9646386237986437 -0.22887898320091543 0.1375930794792264 0.4517985969017748 0.14901675336091408 0.3673346909493396 0.842591688419012 0.994501867713846 1.1692058902403488 1.6663799386667695
227 2043 -0.9660850748256357 -0.2583544213861213 0.15080340949369742 0.47631386407674825 0.14901675336091408 0.3673346909493396 0.842591688419012 0.994501867713846 1.1692058902403488 1.6663799386667695
228 2052 -0.9695537342707855 -0.2701568951445304 0.15047901109449435 0.4938171555413072 0.14901675336091408 0.3673346909493396 0.842591688419012 0.994501867713846 1.1692058902403488 1.6663799386667695
229 2061 -0.9680641963069476 -0.24017206196100832 0.13853148655565534 0.47925176339443026 0.1641348630358005 0.355306075012419 0.8917994764546192 1.0409651359305623 1.1317299619843404 1.639234550793371
230 2070 -0.9681788418248242 -0.25040836386318294 0.11494114570513031 0.490067536159647 0.1641348630358005 0.355306075012419 0.8917994764546192 1.0409651359305623 1.1317299619843404 1.639234550793371
231 2079 -0.9644154117864681 -0.2287936406411977 0.11788023371096261 0.4664333366368813 0.1641348630358005 0.355306075012419 0.8917994764546192 1.0409651359305623 1.1317299619843404 1.639234550793371
232 2088 -0.961865249996814 -0.2506056629878832 0.17707629465935892 0.48428727232263263 0.1641348630358005 0.355306075012419 0.8917994764546192 1.0409651359305623 1.1317299619843404 1.639234550793371
233 2097 -0.9654094326932986 -0.24298278600548048 0.2124218070336823 0.4759453083081847 0.1641348630358005 0.355306075012419 0.8917994764546192 1.0409651359305623 1.1317299619843404 1.639234550793371
234 2106 -0.9656708435084067 -0.21863525473235312 0.13988871388092264 0.47125471551773346 0.1641348630358005 0.355306075012419 0.8917994764546192 1.0409651359305623 1.1317299619843404 1.639234550793371
235 2115 -0.966251229424777 -0.23766047844946503 0.14495424970659238 0.4782430370664697 0.17236563301320446 0.3807785288776398 0.8619209050698656 1.066733601846485 1.1156066886139753 1.6431345936704842
236 2124 -0.9668802882217008 -0.2327066160439831 0.11431809764491155 0.4830120753996564 0.17236563301320446 0.3807785288776398 0.8619209050698656 1.066733601846485 1.1156066886139753 1.6431345936704842
237 2133 -0.9700789032317867 -0.19486920227437338 0.1156158143565664 0.4941905441044238 0.17236563301320446 0.3807785288776398 0.8619209050698656 1.066733601846485 1.1156066886139753 1.6431345936704842
238 2142 -0.9672029188794566 -0.25018924436478107 0.08851886757483227 0.5022170149334959 0.17236563301320446 0.3807785288776398 0.8619209050698656 1.066733601846485 1.1156066886139753 1.6431345936704842
239 2151 -0.9675468207492829 -0.2953710137217247 0.10531693189903336 0.5529598162274891 0.17236563301320446 0.3807785288776398 0.8619209050698656 1.066733601846485 1.1156066886139753 1.6431345936704842
240 2160 -0.9628538203287026 -0.3250219781418413 0.1668937178461904 0.47224954257890817 0.17236563301320446 0.3807785288776398 0.8619209050698656 1.066733601846485 1.1156066886139753 1.6431345936704842
241 2169 -0.9581205846488596 -0.350774075458837 0.203386629708652 0.5009683742142144 0.1970810595020117 0.3998920432702538 0.8522595416248169 0.9939142437539722 1.093374711969943 1.7004603196522332
242 2178 -0.9614830723490196 -0.35319766566874244 0.17806197983265012 0.5443373850322956 0.1970810595020117 0.3998920432702538 0.8522595416248169 0.9939142437539722 1.093374711969943 1.7004603196522332
243 2187 -0.9592020394708832 -0.32859602300823904 0.18670307688603793 0.5039970456111713 0.1970810595020117 0.3998920432702538 0.8522595416248169 0.9939142437539722 1.093374711969943 1.7004603196522332
244 2196 -0.9577920549115417 -0.33618143347860807 0.14301037319244533 0.4545381793318343 0.1970810595020117 0.3998920432702538 0.8522595416248169 0.9939142437539722 1.093374711969943 1.7004603196522332
245 2205 -0.9483515646795716 -0.31014655014394704 0.09726241358045723 0.38037674824744305 0.1970810595020117 0.3998920432702538 0.8522595416248169 0.9939142437539722 1.093374711969943 1.7004603196522332
246 2214 -0.9483218792641966 -0.2897229532566925 0.09498529615886862 0.37993282164037606 0.1970810595020117 0.3998920432702538 0.8522595416248169 0.9939142437539722 1.093374711969943 1.7004603196522332
247 2223 -0.9503787029600208 -0.2902421084664333 0.0901790478776307 0.4117178906103315 0.21177533411371716 0.5162852334994172 0.8656866779864003 0.9897627795018165 1.2149670106216208 1.5758845593831885
248 2232 -0.9468107018395288 -0.28586609816335323 0.08565495760128541 0.41114659019020905 0.21177533411371716 0.5162852334994172 0.8656866779864003 0.9897627795018165 1.2149670106216208 1.5758845593831885
249 2241 -0.9430128544890254 -0.31470217043895604 0.10005497993795683 0.4239596886509367 0.21177533411371716 0.5162852334994172 0.8656866779864003 0.9897627795018165 1.2149670106216208 1.5758845593831885
250 2250 -0.9439006916341962 -0.3410339772984213 0.07631029192353737 0.4679713092550866 0.21177533411371716 0.5162852334994172 0.8656866779864003 0.9897627795018165 1.2149670106216208 1.5758845593831885
251 2259 -0.9424422019778617 -0.36972150941527676 0.09548083917399569 0.47654719210410607 0.21177533411371716 0.5162852334994172 0.8656866779864003 0.9897627795018165 1.2149670106216208 1.5758845593831885
252 2268 -0.9431881565255917 -0.3375777345476806 0.11836653972460454 0.44607531741800943 0.21177533411371716 0.5162852334994172 0.8656866779864003 0.9897627795018165 1.2149670106216208 1.5758845593831885
253 2277 -0.9446485979195736 -0.2850659230354917 0.1552007361941644 0.4933642522723117 0.22355564270027511 0.4670741176803388 0.8130799278492153 0.9562280043694121 1.2441109600286862 1.6151103977545647
254 2286 -0.9447901968921016 -0.30924560045572425 0.14916558311292336 0.517516674873515 0.22355564270027511 0.4670741176803388 0.8130799278492153 0.9562280043694121 1.2441109600286862 1.6151103977545647
255 2295 -0.9401397403538976 -0.3255761434431003 0.15675692424145074 0.5138620493036882 0.22355564270027511 0.4670741176803388 0.8130799278492153 0.9562280043694121 1.2441109600286862 1.6151103977545647
256 2304 -0.9424499446526962 -0.31026309362691584 0.13676077528685462 0.4795169256053844 0.22355564270027511 0.4670741176803388 0.8130799278492153 0.9562280043694121 1.2441109600286862 1.6151103977545647
257 2313 -0.9455445470280432 -0.3020044394980242 0.1869073777073853 0.4167336210382099 0.22355564270027511 0.4670741176803388 0.8130799278492153 0.9562280043694121 1.2441109600286862 1.6151103977545647
258 2322 -0.9482136771058539 -0.24102411750185057 0.1289816130287252 0.3731072305110483 0.22355564270027511 0.4670741176803388 0.8130799278492153 0.9562280043694121 1.2441109600286862 1.6151103977545647
259 2331 -0.9509157754625583 -0.15090118176164083 0.1395815859927826 0.39308431105435027 0.21163699950760592 0.4316102917348549 0.8760623707449657 1.0009460941735306 1.272103281635634 1.543145235058349
260 2340 -0.9460359505232017 -0.10958324291916977 0.11555530242324627 0.3918106624745192 0.21163699950760592 0.4316102917348549 0.8760623707449657 1.0009460941735306 1.272103281635634 1.543145235058349
261 2349 -0.9433332550281884 -0.12877947753728083 0.1575900743068569 0.4459378126437708 0.21163699950760592 0.4316102917348549 0.8760623707449657 1.0009460941735306 1.272103281635634 1.543145235058349
262 2358 -0.93621439174155 -0.10884389764104625 0.14019160824186364 0.4572861306611855 0.21163699950760592 0.4316102917348549 0.8760623707449657 1.0009460941735306 1.272103281635634 1.543145235058349
263 2367 -0.9315361068833508 -0.06249099387516945 0.060214283966007476 0.46477359154729353 0.21163699950760592 0.4316102917348549 0.8760623707449657 1.0009460941735306 1.272103281635634 1.543145235058349
264 2376 -0.9320192830025237 -0.1019980493292285 0.054283730290032306 0.37933728197602373 0.21163699950760592 0.4316102917348549 0.8760623707449657 1.0009460941735306 1.272103281635634 1.543145235058349
265 2385 -0.9341554753347252 -0.07569002417686088 0.06672499186925064 0.46145862782168134 0.24452744860423242 0.4786391482825224 0.8904946774242378 1.091939288289055 1.1638597106605404 1.5398796338290672
266 2394 -0.9421136946199016 -0.10145490233594649 0.06585294678625032 0.47834391258378983 0.24452744860423242 0.4786391482825224 0.8904946774242378 1.091939288289055 1.1638597106605404 1.5398796338290672
267 2403 -0.9495100731662076 -0.09180305067975886 0.09531138707741812 0.5076065094831576 0.24452744860423242 0.4786391482825224 0.8904946774242378 1.091939288289055 1.1638597106605404 1.5398796338290672
268 2412 -0.9502063002533847 -0.1192075197664807 0.0874032888972554 0.4576742190998642 0.24452744860423242 0.4786391482825224 0.8904946774242378 1.091939288289055 1.1638597106605404 1.5398796338290672
269 2421 -0.9497830367679255 -0.0878236925076738 0.0473395655281981 0.41199639161175383 0.24452744860423242 0.4786391482825224 0.8904946774242378 1.091939288289055 1.1638597106605404 1.5398796338290672
270 2430 -0.9488322783278164 -0.08978734232495153 0.03209818317996349 0.46089795665503097 0.24452744860423242 0.4786391482825224 0.8904946774242378 1.091939288289055 1.1638597106605404 1.5398796338290672
271 2439 -0.9434852829773319 -0.12844963552472216 0.09495873429424026 0.4160774613921826 0.22820367191504107 0.4861406799909251 0.8270751344623367 1.0978268473438795 1.2495084587652514 1.5036761187375574
272 2448 -0.9426401662306849 -0.16299959558373803 0.10114886198984967 0.36487229080589756 0.22820367191504107 0.4861406799909251 0.8270751344623367 1.0978268473438795 1.2495084587652514 1.5036761187375574
273 2457 -0.944519615938477 -0.22502709586319194 0.17110397751854978 0.3221900148282576 0.22820367191504107 0.4861406799909251 0.8270751344623367 1.0978268473438795 1.2495084587652514 1.5036761187375574
274 2466 -0.9261776464313214 -0.1955705500226102 0.16548034576512172 0.2999953858038654 0.22820367191504107 0.4861406799909251 0.8270751344623367 1.0978268473438795 1.2495084587652514 1.5036761187375574
275 2475 -0.9266320077288663 -0.17723495140514675 0.1536610113719436 0.28843875933290436 0.22820367191504107 0.4861406799909251 0.8270751344623367 1.0978268473438795 1.2495084587652514 1.5036761187375574
276 2484 -0.935066668735667 -0.19796709044967514 0.1416893116944282 0.29871762851641553 0.22820367191504107 0.4861406799909251 0.8270751344623367 1.0978268473438795 1.2495084587652514 1.5036761187375574
277 2493 -0.9458949433809175 -0.13930079963290168 0.08776485109490792 0.3499110247826213 0.21494691840867813 0.5121092555264163 0.8134582732256351 1.1255311534616248 1.2588646305556015 1.47589533331975
278 2502 -0.9478584857168878 -0.13168244201908433 0.10915406471004101 0.36630911073256783 0.21494691840867813 0.5121092555264163 0.8134582732256351 1.1255311534616248 1.2588646305556015 1.47589533331975
279 2511 -0.9521937460070181 -0.15058974078353096 0.1142916656757952 0.33010022481569057 0.21494691840867813 0.5121092555264163 0.8134582732256351 1.1255311534616248 1.2588646305556015 1.47589533331975
280 2520 -0.9517730334957498 -0.1902046419485967 0.12539521572400716 0.3532331178316545 0.21494691840867813 0.5121092555264163 0.8134582732256351 1.1255311534616248 1.2588646305556015 1.47589533331975
281 2529 -0.9510058075733917 -0.1392070645091242 0.09126741679739922 0.3703502909587371 0.21494691840867813 0.5121092555264163 0.8134582732256351 1.1255311534616248 1.2588646305556015 1.47589533331975
282 2538 -0.9529158558714735 -0.13161846144324713 0.1003765197621404 0.3644339060488822 0.21494691840867813 0.5121092555264163 0.8134582732256351 1.1255311534616248 1.2588646305556015 1.47589533331975
283 2547 -0.9517075964692617 -0.17254245116872974 0.13473500881568318 0.39999008895701066 0.2004136152300933 0.4371978452341663 0.8191000347380728 1.0934301396178199 1.2385397825511713 1.5388948296938767
284 2556 -0.9520031422874977 -0.17097830358119626 0.12360316212583328 0.42342253341335084 0.2004136152300933 0.4371978452341663 0.8191000347380728 1.0934301396178199 1.2385397825511713 1.5388948296938767
285 2565 -0.9439563420041664 -0.1399874630839193 0.16283113738675067 0.4221319233893472 0.2004136152300933 0.4371978452341663 0.8191000347380728 1.0934301396178199 1.2385397825511713 1.5388948296938767
286 2574 -0.9471233596901971 -0.14269551939684666 0.17487433963189816 0.44388701625108995 0.2004136152300933 0.4371978452341663 0.8191000347380728 1.0934301396178199 1.2385397825511713 1.5388948296938767
287 2583 -0.9441114619022689 -0.15881920805370867 0.12847172998313533 0.4591931040791768 0.2004136152300933 0.4371978452341663 0.8191000347380728 1.0934301396178199 1.2385397825511713 1.5388948296938767
288 2592 -0.9474334066856486 -0.25263855720681516 0.14891980594807772 0.48694054872586945 0.2004136152300933 0.4371978452341663 0.8191000347380728 1.0934301396178199 1.2385397825511713 1.5388948296938767
289 2601 -0.9455767269934866 -0.2303067566100752 0.14246057805926923 0.4549655004303618 0.22054270187602482 0.4491923113619775 0.9452130533036155 0.9947023330790553 1.217719025340569 1.5439841682535682
290 2610 -0.953847980107196 -0.2244316752167911 0.12181356278325134 0.43156729784645986 0.22054270187602482 0.4491923113619775 0.9452130533036155 0.9947023330790553 1.217719025340569 1.5439841682535682
291 2619 -0.9502878689666695 -0.1886903983768775 0.13357297565085818 0.40569266393302783 0.22054270187602482 0.4491923113619775 0.9452130533036155 0.9947023330790553 1.217719025340569 1.5439841682535682
292 2628 -0.9537594072447487 -0.26671263319192945 0.1558091482498139 0.44083441832042375 0.22054270187602482 0.4491923113619775 0.9452130533036155 0.9947023330790553 1.217719025340569 1.5439841682535682
293 2637 -0.9547377084969524 -0.2453370650774029 0.1517308558742741 0.4158525163638695 0.22054270187602482 0.4491923113619775 0.9452130533036155 0.9947023330790553 1.217719025340569 1.5439841682535682
294 2646 -0.9543747902703433 -0.22153506741847417 0.15829853048875886 0.445992975360938 0.22054270187602482 0.4491923113619775 0.9452130533036155 0.9947023330790553 1.217719025340569 1.5439841682535682
295 2655 -0.9555214514882727 -0.1651148549981815 0.15736453233545072 0.39375978403223766 0.20023569699153446 0.47714600183505795 0.9457621459835129 1.0475054311347558 1.1491214677101205 1.5556424865626177
296 2664 -0.9550033058302333 -0.18902458032578248 0.15669296000161514 0.37624622244454925 0.20023569699153446 0.47714600183505795 0.9457621459835129 1.0475054311347558 1.1491214677101205 1.5556424865626177
297 2673 -0.9559463524592845 -0.16930405672207016 0.11953764851483614 0.3451466722840022 0.20023569699153446 0.47714600183505795 0.9457621459835129 1.0475054311347558 1.1491214677101205 1.5556424865626177
298 2682 -0.9523143871074621 -0.16098608419638663 0.1354909959377494 0.2522131636695267 0.20023569699153446 0.47714600183505795 0.9457621459835129 1.0475054311347558 1.1491214677101205 1.5556424865626177
299 2691 -0.9483174082469815 -0.15213359544080754 0.1404505952187829 0.24546104553042836 0.20023569699153446 0.47714600183505795 0.9457621459835129 1.0475054311347558 1.1491214677101205 1.5556424865626177
300 2700 -0.9555532058557088 -0.16603430480684442 0.08988650202700026 0.2226719713849186 0.20023569699153446 0.47714600183505795 0.9457621459835129 1.0475054311347558 1.1491214677101205 1.5556424865626177
301 2709 -0.9579300228656373 -0.16178119883587694 0.1403197538190245 0.22529135891222068 0.1937457232685979 0.558808269883078 0.9448151460795826 1.048485471734016 1.2210698693845707 1.4721368284259007
302 2718 -0.9620700300620839 -0.17107063238628606 0.11057924153317798 0.28138899948832563 0.1937457232685979 0.558808269883078 0.9448151460795826 1.048485471734016 1.2210698693845707 1.4721368284259007
303 2727 -0.9576991340110961 -0.157042442284778 0.13088229849754432 0.34186885351179913 0.1937457232685979 0.558808269883078 0.9448151460795826 1.048485471734016 1.2210698693845707 1.4721368284259007
304 2736 -0.9591216344827511 -0.09702032685013398 0.12143177845322466 0.3883084380932644 0.1937457232685979 0.558808269883078 0.9448151460795826 1.048485471734016 1.2210698693845707 1.4721368284259007
305 2745 -0.9628634371831092 -0.09643931302472819 0.12121686998756738 0.3818357315181456 0.1937457232685979 0.558808269883078 0.9448151460795826 1.048485471734016 1.2210698693845707 1.4721368284259007
306 2754 -0.963971039737114 -0.11974619422976043 0.15654789799754487 0.3861766567341876 0.1937457232685979 0.558808269883078 0.9448151460795826 1.048485471734016 1.2210698693845707 1.4721368284259007
307 2763 -0.9627741269394576 -0.12436522586754037 0.177182251550853 0.35018290504003946 0.18249744583020433 0.542731978370752 0.9127555113942778 1.0825733008068532 1.1702286786280038 1.5157882261171252
308 2772 -0.9598442842849203 -0.16541526997134035 0.16989971432720488 0.45090028118016856 0.18249744583020433 0.542731978370752 0.9127555113942778 1.0825733008068532 1.1702286786280038 1.5157882261171252
309 2781 -0.9583945980561384 -0.16706867843247977 0.19029734102479412 0.531900254784931 0.18249744583020433 0.542731978370752 0.9127555113942778 1.0825733008068532 1.1702286786280038 1.5157882261171252
310 2790 -0.956176711591575 -0.17436315579573627 0.18769192614840935 0.5195027925186577 0.18249744583020433 0.542731978370752 0.9127555113942778 1.0825733008068532 1.1702286786280038 1.5157882261171252
311 2799 -0.9546188970789417 -0.11567837282619155 0.14994466418359512 0.5368513816154655 0.18249744583020433 0.542731978370752 0.9127555113942778 1.0825733008068532 1.1702286786280038 1.5157882261171252
312 2808 -0.9539289789177562 -0.2317830162643585 0.11713663388194577 0.5396786918619279 0.18249744583020433 0.542731978370752 0.9127555113942778 1.0825733008068532 1.1702286786280038 1.5157882261171252
313 2817 -0.9519368442667654 -0.16715080258404524 0.1042466154584363 0.5325574368060132 0.20816518163570677 0.6632622676364245 0.9143888617322252 0.9699817369386227 1.1359749492609694 1.5650366691172048
314 2826 -0.9498495970794341 -0.1510657358673997 0.11059580175184539 0.5842763737472594 0.20816518163570677 0.6632622676364245 0.9143888617322252 0.9699817369386227 1.1359749492609694 1.5650366691172048
315 2835 -0.9611649364991747 -0.16096027370134974 0.0960490776512488 0.6019831661646432 0.20816518163570677 0.6632622676364245 0.9143888617322252 0.9699817369386227 1.1359749492609694 1.5650366691172048
316 2844 -0.9600794733444475 -0.11408370390924262 0.08315668525214193 0.6289480337302268 0.20816518163570677 0.6632622676364245 0.9143888617322252 0.9699817369386227 1.1359749492609694 1.5650366691172048
317 2853 -0.959886437416963 -0.1418727687675684 0.11674258462145336 0.5860473875681361 0.20816518163570677 0.6632622676364245 0.9143888617322252 0.9699817369386227 1.1359749492609694 1.5650366691172048
318 2862 -0.9533370066709304 -0.18145683773728513 0.12443412594200479 0.5765230510708711 0.20816518163570677 0.6632622676364245 0.9143888617322252 0.9699817369386227 1.1359749492609694 1.5650366691172048
319 2871 -0.9530071467178115 -0.1701360557882535 0.14827964199022164 0.5961254219769502 0.19888263924046423 0.655804527622097 0.8059138117289705 0.9498017751930242 1.20573262341672 1.5890105330338125
320 2880 -0.9572755213983575 -0.161101428839632 0.16388117857388373 0.604275312953588 0.19888263924046423 0.655804527622097 0.8059138117289705 0.9498017751930242 1.20573262341672 1.5890105330338125
321 2889 -0.9534371410466647 -0.20177484527170386 0.13453234388904356 0.5901920160329057 0.19888263924046423 0.655804527622097 0.8059138117289705 0.9498017751930242 1.20573262341672 1.5890105330338125
322 2898 -0.947456398164758 -0.17110947380467909 0.14653217590727194 0.5572919107130536 0.19888263924046423 0.655804527622097 0.8059138117289705 0.9498017751930242 1.20573262341672 1.5890105330338125
323 2907 -0.9462540684622146 -0.18000475577813135 0.1370555665828474 0.5319945268372338 0.19888263924046423 0.655804527622097 0.8059138117289705 0.9498017751930242 1.20573262341672 1.5890105330338125
324 2916 -0.9467648504705356 -0.16577607304543188 0.15027533645921573 0.5626211145162788 0.19888263924046423 0.655804527622097 0.8059138117289705 0.9498017751930242 1.20573262341672 1.5890105330338125
325 2925 -0.9571156427202758 -0.1775970444101898 0.14624153294671638 0.5622740990692522 0.19430457419908762 0.6802321411342965 0.8391190853942468 0.9881970455913259 1.1331050317916223 1.5921522267526325
326 2934 -0.9586078129234048 -0.1827020986758252 0.1415170278201348 0.6169688207944902 0.19430457419908762 0.6802321411342965 0.8391190853942468 0.9881970455913259 1.1331050317916223 1.5921522267526325
327 2943 -0.9665041850199361 -0.18626461038517958 0.13043141363402422 0.6479985108823757 0.19430457419908762 0.6802321411342965 0.8391190853942468 0.9881970455913259 1.1331050317916223 1.5921522267526325
328 2952 -0.9607353416104375 -0.20777549495280134 0.14039217162192566 0.611894102587738 0.19430457419908762 0.6802321411342965 0.8391190853942468 0.9881970455913259 1.1331050317916223 1.5921522267526325
329 2961 -0.9612410731889459 -0.2160670220579825 0.1816344204918454 0.5944516182317441 0.19430457419908762 0.6802321411342965 0.8391190853942468 0.9881970455913259 1.1331050317916223 1.5921522267526325
330 2970 -0.9611659612417455 -0.20181600900870708 0.15683071359135264 0.6027124297592231 0.19430457419908762 0.6802321411342965 0.8391190853942468 0.9881970455913259 1.1331050317916223 1.5921522267526325
331 2979 -0.9556753433456241 -0.1778524558426287 0.13424826725896136 0.5172832711094778 0.20591070360350652 0.7514035703966808 0.8170337831613913 1.0538649053714537 1.0957027260415533 1.5537868422280896
332 2988 -0.9534694704049714 -0.14278215608493153 0.12105082438385839 0.5326295507030853 0.20591070360350652 0.7514035703966808 0.8170337831613913 1.0538649053714537 1.0957027260415533 1.5537868422280896
333 2997 -0.9541755019835143 -0.09886156980196037 0.12002903532674772 0.5367539295297119 0.20591070360350652 0.7514035703966808 0.8170337831613913 1.0538649053714537 1.0957027260415533 1.5537868422280896
334 3006 -0.9546440207202068 -0.1303647514490517 0.09187058009181093 0.621919689121485 0.20591070360350652 0.7514035703966808 0.8170337831613913 1.0538649053714537 1.0957027260415533 1.5537868422280896
335 3015 -0.958891002240812 -0.08861507166566161 0.09235425794378961 0.5956225496039813 0.20591070360350652 0.7514035703966808 0.8170337831613913 1.0538649053714537 1.0957027260415533 1.5537868422280896
336 3024 -0.9554789833049323 -0.12506528193092567 0.11244974136702514 0.591530579032915 0.20279807042085912 0.6852039041716042 0.7999302181584115 1.0654869798688493 1.1292938843898277 1.5617019615881578
337 3033 -0.9470785881832497 -0.1627213835499909 0.11828519326692026 0.5664867623127097 0.20279807042085912 0.6852039041716042 0.7999302181584115 1.0654869798688493 1.1292938843898277 1.5617019615881578
338 3042 -0.9492407455424119 -0.13744503594142785 0.11332143988950982 0.5762092033006769 0.20279807042085912 0.6852039041716042 0.7999302181584115 1.0654869798688493 1.1292938843898277 1.5617019615881578
339 3051 -0.9417220214971168 -0.10466741573888164 0.11468114693196839 0.5516372514082518 0.20279807042085912 0.6852039041716042 0.7999302181584115 1.0654869798688493 1.1292938843898277 1.5617019615881578
340 3060 -0.9369583050516964 -0.08026862416061664 0.1110383954222964 0.5368815689626133 0.20279807042085912 0.6852039041716042 0.7999302181584115 1.0654869798688493 1.1292938843898277 1.5617019615881578
341 3069 -0.9456053889305552 -0.14340287626794657 0.1146930982691843 0.5978361275785584 0.20279807042085912 0.6852039041716042 0.7999302181584115 1.0654869798688493 1.1292938843898277 1.5617019615881578
342 3078 -0.9553294512741295 -0.16395265622429997 0.15109271071697475 0.629223210495837 0.20568096660685764 0.6600745682086021 0.8452122284452002 1.0288882303271107 1.0807174763914642 1.6065652613519958
343 3087 -0.9498459209075596 -0.18999585845238928 0.15711472536849513 0.6262095447127326 0.20568096660685764 0.6600745682086021 0.8452122284452002 1.0288882303271107 1.0807174763914642 1.6065652613519958
344 3096 -0.9495381609758317 -0.13927532474769957 0.14930140065767578 0.6270311120461038 0.20568096660685764 0.6600745682086021 0.8452122284452002 1.0288882303271107 1.0807174763914642 1.6065652613519958
345 3105 -0.9529618122218992 -0.13379162269244896 0.11529989235535774 0.6265284187976128 0.20568096660685764 0.6600745682086021 0.8452122284452002 1.0288882303271107 1.0807174763914642 1.6065652613519958
346 3114 -0.9524713371491262 -0.13816801716403707 0.1277732835250583 0.6015939299451888 0.20568096660685764 0.6600745682086021 0.8452122284452002 1.0288882303271107 1.0807174763914642 1.6065652613519958
347 3123 -0.9548687481060993 -0.1508403505768695 0.14652293820249523 0.5869096968543192 0.20568096660685764 0.6600745682086021 0.8452122284452002 1.0288882303271107 1.0807174763914642 1.6065652613519958
348 3132 -0.9470638703714604 -0.09324052621500441 0.08517597523931311 0.543893379339786 0.22075329669017735 0.7216133498128533 0.769517249273491 1.0373125971214134 1.1809328839902613 1.5387545151214095
349 3141 -0.9497505673307303 -0.1180355197826041 0.10268839987676706 0.5260983120964526 0.22075329669017735 0.7216133498128533 0.769517249273491 1.0373125971214134 1.1809328839902613 1.5387545151214095
350 3150 -0.9542876661730536 -0.14348438310116537 0.09128642860855853 0.5561571684532707 0.22075329669017735 0.7216133498128533 0.769517249273491 1.0373125971214134 1.1809328839902613 1.5387545151214095
351 3159 -0.9670522368921322 -0.1339166162476968 0.1210437869006921 0.5883294423152857 0.22075329669017735 0.7216133498128533 0.769517249273491 1.0373125971214134 1.1809328839902613 1.5387545151214095
352 3168 -0.965908514452683 -0.1388741844573654 0.11074363403319665 0.5967576153593122 0.22075329669017735 0.7216133498128533 0.769517249273491 1.0373125971214134 1.1809328839902613 1.5387545151214095
353 3177 -0.9670749783894684 -0.161291985489262 0.09339868529461252 0.588959870961919 0.22075329669017735 0.7216133498128533 0.769517249273491 1.0373125971214134 1.1809328839902613 1.5387545151214095
354 3186 -0.9690166606856715 -0.16742776601723258 0.0661043357624307 0.6068154488126665 0.1687326587927585 0.6899444141248174 0.7764581416724918 0.9893061949548885 1.1656286979485082 1.5984998406781068
355 3195 -0.9708559402919329 -0.16822171574557707 0.12271414264836945 0.6163725544047788 0.1687326587927585 0.6899444141248174 0.7764581416724918 0.9893061949548885 1.1656286979485082 1.5984998406781068
356 3204 -0.9755163029696555 -0.23516353940794316 0.11455139767494085 0.5042224911263209 0.1687326587927585 0.6899444141248174 0.7764581416724918 0.9893061949548885 1.1656286979485082 1.5984998406781068
357 3213 -0.9744789942150434 -0.24080631349768314 0.12167216673305639 0.49741447536365635 0.1687326587927585 0.6899444141248174 0.7764581416724918 0.9893061949548885 1.1656286979485082 1.5984998406781068
358 3222 -0.9759770736392053 -0.27998908365306796 0.058225009977800425 0.43872379871938916 0.1687326587927585 0.6899444141248174 0.7764581416724918 0.9893061949548885 1.1656286979485082 1.5984998406781068
359 3231 -0.9756622496154429 -0.31499790628770064 0.07366025399045052 0.4002326915074995 0.1687326587927585 0.6899444141248174 0.7764581416724918 0.9893061949548885 1.1656286979485082 1.5984998406781068
360 3240 -0.9811943924351012 -0.274235384064931 0.1114982458861899 0.5036056049439448 0.13294335394633697 0.6327191058877711 0.8303861504022054 0.9617837774588454 1.1876009510906127 1.5990707880803618
361 3249 -0.9838873672930889 -0.2597282528366405 0.11743192315244777 0.5041474934278405 0.13294335394633697 0.6327191058877711 0.8303861504022054 0.9617837774588454 1.1876009510906127 1.5990707880803618
362 3258 -0.9843141313397491 -0.3072248561017613 0.20655615857836165 0.40701447791119183 0.13294335394633697 0.6327191058877711 0.8303861504022054 0.9617837774588454 1.1876009510906127 1.5990707880803618
363 3267 -0.9828970361197522 -0.2732884926939942 0.25533528936067634 0.3600832272834587 0.13294335394633697 0.6327191058877711 0.8303861504022054 0.9617837774588454 1.1876009510906127 1.5990707880803618
364 3276 -0.9810609091220021 -0.2844854055199952 0.23118797317744072 0.40900070973271385 0.13294335394633697 0.6327191058877711 0.8303861504022054 0.9617837774588454 1.1876009510906127 1.5990707880803618
365 3285 -0.983162068320376 -0.32178639688048344 0.18444722024345014 0.3921587328166017 0.13294335394633697 0.6327191058877711 0.8303861504022054 0.9617837774588454 1.1876009510906127 1.5990707880803618
366 3294 -0.980492028220835 -0.28233978359132106 0.22211202230306049 0.36452855245333904 0.12990367853880072 0.6441074457328433 0.7360102411168411 1.0031761766810556 1.2737258439309398 1.548482996570103
367 3303 -0.9799472443706156 -0.2691434161523742 0.16836723221913177 0.4052396612266602 0.12990367853880072 0.6441074457328433 0.7360102411168411 1.0031761766810556 1.2737258439309398 1.548482996570103
368 3312 -0.9836816137579534 -0.20277682578257 0.1656737757804666 0.5263726097280376 0.12990367853880072 0.6441074457328433 0.7360102411168411 1.0031761766810556 1.2737258439309398 1.548482996570103
369 3321 -0.9857473269277457 -0.23593006500508523 0.16839277391157265 0.5828787823796905 0.12990367853880072 0.6441074457328433 0.7360102411168411 1.0031761766810556 1.2737258439309398 1.548482996570103
370 3330 -0.9855935000987434 -0.18535040058902735 0.16922119216024778 0.6187922093896464 0.12990367853880072 0.6441074457328433 0.7360102411168411 1.0031761766810556 1.2737258439309398 1.548482996570103
371 3339 -0.9874645810438801 -0.131066040881433 0.1488272195726254 0.6254596090880179 0.12990367853880072 0.6441074457328433 0.7360102411168411 1.0031761766810556 1.2737258439309398 1.548482996570103
372 3348 -0.9879443793981847 -0.12943535825771887 0.19638005567564662 0.6320321885916644 0.10091048043822479 0.5704551263533649 0.6705854006127838 1.1167093843163491 1.1931139130363049 1.595039995027988
