% # columns="iteration, evaluation, min max(neg(.)) min(pos(.)) max correlation, correlation matrix principal axes lengths  (sorted square roots of eigenvalues of correlation matrix)", seed=769447, Thu Nov 23 14:35:31 2023
1 9 -0.10428124551445564 -0.05125464139824244 0.041415930853120474 0.06426141364829105 0.8827981274990025 0.969726033127125 0.9977193731337912 1.0253185922288324 1.0445437979110004 1.0688802448866048
2 18 -0.10428124551445564 -0.05125464139824244 0.041415930853120474 0.06426141364829105 0.8827981274990025 0.969726033127125 0.9977193731337912 1.0253185922288324 1.0445437979110004 1.0688802448866048
3 27 -0.10428124551445564 -0.05125464139824244 0.041415930853120474 0.06426141364829105 0.8827981274990025 0.969726033127125 0.9977193731337912 1.0253185922288324 1.0445437979110004 1.0688802448866048
4 36 -0.10428124551445564 -0.05125464139824244 0.041415930853120474 0.06426141364829105 0.8827981274990025 0.969726033127125 0.9977193731337912 1.0253185922288324 1.0445437979110004 1.0688802448866048
5 45 -0.10428124551445564 -0.05125464139824244 0.041415930853120474 0.06426141364829105 0.8827981274990025 0.969726033127125 0.9977193731337912 1.0253185922288324 1.0445437979110004 1.0688802448866048
6 54 -0.10428124551445564 -0.05125464139824244 0.041415930853120474 0.06426141364829105 0.8827981274990025 0.969726033127125 0.9977193731337912 1.0253185922288324 1.0445437979110004 1.0688802448866048
7 63 -0.2835587081147398 -0.10843404816850702 0.009784472762455445 0.24868369531741752 0.6636400442687852 0.8410277192186667 0.940925860128165 1.0826253905706162 1.1350024806360763 1.2274381554818226
8 72 -0.2835587081147398 -0.10843404816850702 0.009784472762455445 0.24868369531741752 0.6636400442687852 0.8410277192186667 0.940925860128165 1.0826253905706162 1.1350024806360763 1.2274381554818226
9 81 -0.2835587081147398 -0.10843404816850702 0.009784472762455445 0.24868369531741752 0.6636400442687852 0.8410277192186667 0.940925860128165 1.0826253905706162 1.1350024806360763 1.2274381554818226
10 90 -0.2835587081147398 -0.10843404816850702 0.009784472762455445 0.24868369531741752 0.6636400442687852 0.8410277192186667 0.940925860128165 1.0826253905706162 1.1350024806360763 1.2274381554818226
11 99 -0.2835587081147398 -0.10843404816850702 0.009784472762455445 0.24868369531741752 0.6636400442687852 0.8410277192186667 0.940925860128165 1.0826253905706162 1.1350024806360763 1.2274381554818226
12 108 -0.2835587081147398 -0.10843404816850702 0.009784472762455445 0.24868369531741752 0.6636400442687852 0.8410277192186667 0.940925860128165 1.0826253905706162 1.1350024806360763 1.2274381554818226
13 117 -0.5322268331451457 -0.12235345166277102 0.0857688376589234 0.389886899953346 0.5993874057710583 0.7335696934921319 0.9188999862565689 0.9772932712093862 1.241922668707352 1.3269359460238626
14 126 -0.5322268331451457 -0.12235345166277102 0.0857688376589234 0.389886899953346 0.5993874057710583 0.7335696934921319 0.9188999862565689 0.9772932712093862 1.241922668707352 1.3269359460238626
15 135 -0.5322268331451457 -0.12235345166277102 0.0857688376589234 0.389886899953346 0.5993874057710583 0.7335696934921319 0.9188999862565689 0.9772932712093862 1.241922668707352 1.3269359460238626
16 144 -0.5322268331451457 -0.12235345166277102 0.0857688376589234 0.389886899953346 0.5993874057710583 0.7335696934921319 0.9188999862565689 0.9772932712093862 1.241922668707352 1.3269359460238626
17 153 -0.5322268331451457 -0.12235345166277102 0.0857688376589234 0.389886899953346 0.5993874057710583 0.7335696934921319 0.9188999862565689 0.9772932712093862 1.241922668707352 1.3269359460238626
18 162 -0.5322268331451457 -0.12235345166277102 0.0857688376589234 0.389886899953346 0.5993874057710583 0.7335696934921319 0.9188999862565689 0.9772932712093862 1.241922668707352 1.3269359460238626
19 171 -0.40768720450859736 -0.13738409392758733 0.07819049059623308 0.34694373524160294 0.4821336009759755 0.7974403789075929 0.9664974667366574 1.1340346891566988 1.1726618010444216 1.2394951810514634
20 180 -0.40768720450859736 -0.13738409392758733 0.07819049059623308 0.34694373524160294 0.4821336009759755 0.7974403789075929 0.9664974667366574 1.1340346891566988 1.1726618010444216 1.2394951810514634
21 189 -0.40768720450859736 -0.13738409392758733 0.07819049059623308 0.34694373524160294 0.4821336009759755 0.7974403789075929 0.9664974667366574 1.1340346891566988 1.1726618010444216 1.2394951810514634
22 198 -0.40768720450859736 -0.13738409392758733 0.07819049059623308 0.34694373524160294 0.4821336009759755 0.7974403789075929 0.9664974667366574 1.1340346891566988 1.1726618010444216 1.2394951810514634
23 207 -0.40768720450859736 -0.13738409392758733 0.07819049059623308 0.34694373524160294 0.4821336009759755 0.7974403789075929 0.9664974667366574 1.1340346891566988 1.1726618010444216 1.2394951810514634
24 216 -0.40768720450859736 -0.13738409392758733 0.07819049059623308 0.34694373524160294 0.4821336009759755 0.7974403789075929 0.9664974667366574 1.1340346891566988 1.1726618010444216 1.2394951810514634
25 225 -0.3601494237434031 -0.10473054636128018 0.2143901373193923 0.3772819100237726 0.6234994192969225 0.6434566234196974 0.9972669721266995 1.0278273989095859 1.164567600940537 1.3379177011719832
26 234 -0.3601494237434031 -0.10473054636128018 0.2143901373193923 0.3772819100237726 0.6234994192969225 0.6434566234196974 0.9972669721266995 1.0278273989095859 1.164567600940537 1.3379177011719832
27 243 -0.3601494237434031 -0.10473054636128018 0.2143901373193923 0.3772819100237726 0.6234994192969225 0.6434566234196974 0.9972669721266995 1.0278273989095859 1.164567600940537 1.3379177011719832
28 252 -0.3601494237434031 -0.10473054636128018 0.2143901373193923 0.3772819100237726 0.6234994192969225 0.6434566234196974 0.9972669721266995 1.0278273989095859 1.164567600940537 1.3379177011719832
29 261 -0.3601494237434031 -0.10473054636128018 0.2143901373193923 0.3772819100237726 0.6234994192969225 0.6434566234196974 0.9972669721266995 1.0278273989095859 1.164567600940537 1.3379177011719832
30 270 -0.3601494237434031 -0.10473054636128018 0.2143901373193923 0.3772819100237726 0.6234994192969225 0.6434566234196974 0.9972669721266995 1.0278273989095859 1.164567600940537 1.3379177011719832
31 279 -0.3438829407384717 -0.2482726019354715 0.19387922054864964 0.40937616305342084 0.587337524713311 0.7068656799723975 0.884946295594584 1.0751336182000581 1.1376592482755667 1.3863854926691022
32 288 -0.3438829407384717 -0.2482726019354715 0.19387922054864964 0.40937616305342084 0.587337524713311 0.7068656799723975 0.884946295594584 1.0751336182000581 1.1376592482755667 1.3863854926691022
33 297 -0.3438829407384717 -0.2482726019354715 0.19387922054864964 0.40937616305342084 0.587337524713311 0.7068656799723975 0.884946295594584 1.0751336182000581 1.1376592482755667 1.3863854926691022
34 306 -0.3438829407384717 -0.2482726019354715 0.19387922054864964 0.40937616305342084 0.587337524713311 0.7068656799723975 0.884946295594584 1.0751336182000581 1.1376592482755667 1.3863854926691022
35 315 -0.3438829407384717 -0.2482726019354715 0.19387922054864964 0.40937616305342084 0.587337524713311 0.7068656799723975 0.884946295594584 1.0751336182000581 1.1376592482755667 1.3863854926691022
36 324 -0.3438829407384717 -0.2482726019354715 0.19387922054864964 0.40937616305342084 0.587337524713311 0.7068656799723975 0.884946295594584 1.0751336182000581 1.1376592482755667 1.3863854926691022
37 333 -0.3769453781656694 -0.10672257895139102 0.25969899492806436 0.4609771903560509 0.47466792607383124 0.7994139761791949 0.8390795184435492 1.0562815412915223 1.1540790601101905 1.4085254860728162
38 342 -0.3769453781656694 -0.10672257895139102 0.25969899492806436 0.4609771903560509 0.47466792607383124 0.7994139761791949 0.8390795184435492 1.0562815412915223 1.1540790601101905 1.4085254860728162
39 351 -0.3769453781656694 -0.10672257895139102 0.25969899492806436 0.4609771903560509 0.47466792607383124 0.7994139761791949 0.8390795184435492 1.0562815412915223 1.1540790601101905 1.4085254860728162
40 360 -0.3769453781656694 -0.10672257895139102 0.25969899492806436 0.4609771903560509 0.47466792607383124 0.7994139761791949 0.8390795184435492 1.0562815412915223 1.1540790601101905 1.4085254860728162
41 369 -0.3769453781656694 -0.10672257895139102 0.25969899492806436 0.4609771903560509 0.47466792607383124 0.7994139761791949 0.8390795184435492 1.0562815412915223 1.1540790601101905 1.4085254860728162
42 378 -0.3769453781656694 -0.10672257895139102 0.25969899492806436 0.4609771903560509 0.47466792607383124 0.7994139761791949 0.8390795184435492 1.0562815412915223 1.1540790601101905 1.4085254860728162
43 387 -0.2747579273651201 -0.13521931772584364 0.27388730308508713 0.48829426047613345 0.4082123835316328 0.766846074728935 0.9038023723717151 1.0870463842886586 1.181300289974793 1.3606288261719037
44 396 -0.2747579273651201 -0.13521931772584364 0.27388730308508713 0.48829426047613345 0.4082123835316328 0.766846074728935 0.9038023723717151 1.0870463842886586 1.181300289974793 1.3606288261719037
45 405 -0.2747579273651201 -0.13521931772584364 0.27388730308508713 0.48829426047613345 0.4082123835316328 0.766846074728935 0.9038023723717151 1.0870463842886586 1.181300289974793 1.3606288261719037
46 414 -0.2747579273651201 -0.13521931772584364 0.27388730308508713 0.48829426047613345 0.4082123835316328 0.766846074728935 0.9038023723717151 1.0870463842886586 1.181300289974793 1.3606288261719037
47 423 -0.2747579273651201 -0.13521931772584364 0.27388730308508713 0.48829426047613345 0.4082123835316328 0.766846074728935 0.9038023723717151 1.0870463842886586 1.181300289974793 1.3606288261719037
48 432 -0.2747579273651201 -0.13521931772584364 0.27388730308508713 0.48829426047613345 0.4082123835316328 0.766846074728935 0.9038023723717151 1.0870463842886586 1.181300289974793 1.3606288261719037
49 441 -0.15250525101846313 0.018166535446991042 0.31405405764798106 0.6378939593300104 0.3840405617692565 0.7155043215455312 0.817374700271109 1.0454907662155348 1.2139533298787477 1.4511138421077414
50 450 -0.15250525101846313 0.018166535446991042 0.31405405764798106 0.6378939593300104 0.3840405617692565 0.7155043215455312 0.817374700271109 1.0454907662155348 1.2139533298787477 1.4511138421077414
51 459 -0.15250525101846313 0.018166535446991042 0.31405405764798106 0.6378939593300104 0.3840405617692565 0.7155043215455312 0.817374700271109 1.0454907662155348 1.2139533298787477 1.4511138421077414
52 468 -0.15250525101846313 0.018166535446991042 0.31405405764798106 0.6378939593300104 0.3840405617692565 0.7155043215455312 0.817374700271109 1.0454907662155348 1.2139533298787477 1.4511138421077414
53 477 -0.15250525101846313 0.018166535446991042 0.31405405764798106 0.6378939593300104 0.3840405617692565 0.7155043215455312 0.817374700271109 1.0454907662155348 1.2139533298787477 1.4511138421077414
54 486 -0.15250525101846313 0.018166535446991042 0.31405405764798106 0.6378939593300104 0.3840405617692565 0.7155043215455312 0.817374700271109 1.0454907662155348 1.2139533298787477 1.4511138421077414
55 495 -0.115284301953485 -0.002090021162852099 0.31948697816260585 0.8717276746797631 0.22757913421069204 0.6562872121058725 0.7867466308268698 1.0911093367101625 1.1793127446698903 1.5222438823604658
56 504 -0.115284301953485 -0.002090021162852099 0.31948697816260585 0.8717276746797631 0.22757913421069204 0.6562872121058725 0.7867466308268698 1.0911093367101625 1.1793127446698903 1.5222438823604658
57 513 -0.115284301953485 -0.002090021162852099 0.31948697816260585 0.8717276746797631 0.22757913421069204 0.6562872121058725 0.7867466308268698 1.0911093367101625 1.1793127446698903 1.5222438823604658
58 522 -0.115284301953485 -0.002090021162852099 0.31948697816260585 0.8717276746797631 0.22757913421069204 0.6562872121058725 0.7867466308268698 1.0911093367101625 1.1793127446698903 1.5222438823604658
59 531 -0.115284301953485 -0.002090021162852099 0.31948697816260585 0.8717276746797631 0.22757913421069204 0.6562872121058725 0.7867466308268698 1.0911093367101625 1.1793127446698903 1.5222438823604658
60 540 -0.115284301953485 -0.002090021162852099 0.31948697816260585 0.8717276746797631 0.22757913421069204 0.6562872121058725 0.7867466308268698 1.0911093367101625 1.1793127446698903 1.5222438823604658
61 549 -0.1557390569940162 -0.01867087722142704 0.31843833078849554 0.9639271388474588 0.1328758959481023 0.5707687644619154 0.8066859898572823 1.0427751934463805 1.1434007196339102 1.615883479039285
62 558 -0.1557390569940162 -0.01867087722142704 0.31843833078849554 0.9639271388474588 0.1328758959481023 0.5707687644619154 0.8066859898572823 1.0427751934463805 1.1434007196339102 1.615883479039285
63 567 -0.1557390569940162 -0.01867087722142704 0.31843833078849554 0.9639271388474588 0.1328758959481023 0.5707687644619154 0.8066859898572823 1.0427751934463805 1.1434007196339102 1.615883479039285
64 576 -0.1557390569940162 -0.01867087722142704 0.31843833078849554 0.9639271388474588 0.1328758959481023 0.5707687644619154 0.8066859898572823 1.0427751934463805 1.1434007196339102 1.615883479039285
65 585 -0.1557390569940162 -0.01867087722142704 0.31843833078849554 0.9639271388474588 0.1328758959481023 0.5707687644619154 0.8066859898572823 1.0427751934463805 1.1434007196339102 1.615883479039285
66 594 -0.1557390569940162 -0.01867087722142704 0.31843833078849554 0.9639271388474588 0.1328758959481023 0.5707687644619154 0.8066859898572823 1.0427751934463805 1.1434007196339102 1.615883479039285
67 603 -0.2890014875488443 -0.03873376834236051 0.31559421918012526 0.982262081217661 0.09949602645559595 0.44363934934225585 0.8953513363016375 1.0242404979104636 1.1267004904296185 1.6349642382399021
68 612 -0.2890014875488443 -0.03873376834236051 0.31559421918012526 0.982262081217661 0.09949602645559595 0.44363934934225585 0.8953513363016375 1.0242404979104636 1.1267004904296185 1.6349642382399021
69 621 -0.2890014875488443 -0.03873376834236051 0.31559421918012526 0.982262081217661 0.09949602645559595 0.44363934934225585 0.8953513363016375 1.0242404979104636 1.1267004904296185 1.6349642382399021
70 630 -0.2890014875488443 -0.03873376834236051 0.31559421918012526 0.982262081217661 0.09949602645559595 0.44363934934225585 0.8953513363016375 1.0242404979104636 1.1267004904296185 1.6349642382399021
71 639 -0.2890014875488443 -0.03873376834236051 0.31559421918012526 0.982262081217661 0.09949602645559595 0.44363934934225585 0.8953513363016375 1.0242404979104636 1.1267004904296185 1.6349642382399021
72 648 -0.2890014875488443 -0.03873376834236051 0.31559421918012526 0.982262081217661 0.09949602645559595 0.44363934934225585 0.8953513363016375 1.0242404979104636 1.1267004904296185 1.6349642382399021
73 657 -0.23533639112755889 -0.00039258633056786073 0.2870101694543865 0.9787064110695441 0.11779338396555297 0.4326288400705474 0.8151084100960676 1.0249680288386303 1.1758504342899478 1.6435849784123153
74 666 -0.23533639112755889 -0.00039258633056786073 0.2870101694543865 0.9787064110695441 0.11779338396555297 0.4326288400705474 0.8151084100960676 1.0249680288386303 1.1758504342899478 1.6435849784123153
75 675 -0.23533639112755889 -0.00039258633056786073 0.2870101694543865 0.9787064110695441 0.11779338396555297 0.4326288400705474 0.8151084100960676 1.0249680288386303 1.1758504342899478 1.6435849784123153
76 684 -0.23533639112755889 -0.00039258633056786073 0.2870101694543865 0.9787064110695441 0.11779338396555297 0.4326288400705474 0.8151084100960676 1.0249680288386303 1.1758504342899478 1.6435849784123153
77 693 -0.23533639112755889 -0.00039258633056786073 0.2870101694543865 0.9787064110695441 0.11779338396555297 0.4326288400705474 0.8151084100960676 1.0249680288386303 1.1758504342899478 1.6435849784123153
78 702 -0.23533639112755889 -0.00039258633056786073 0.2870101694543865 0.9787064110695441 0.11779338396555297 0.4326288400705474 0.8151084100960676 1.0249680288386303 1.1758504342899478 1.6435849784123153
79 711 -0.33899466416700325 0.017673841221700688 0.1763681252594588 0.9649059513637168 0.17596129327860377 0.39499951420658247 0.913929912696699 0.9816124514194505 1.1360582140437163 1.650319317963826
80 720 -0.33899466416700325 0.017673841221700688 0.1763681252594588 0.9649059513637168 0.17596129327860377 0.39499951420658247 0.913929912696699 0.9816124514194505 1.1360582140437163 1.650319317963826
81 729 -0.33899466416700325 0.017673841221700688 0.1763681252594588 0.9649059513637168 0.17596129327860377 0.39499951420658247 0.913929912696699 0.9816124514194505 1.1360582140437163 1.650319317963826
82 738 -0.33899466416700325 0.017673841221700688 0.1763681252594588 0.9649059513637168 0.17596129327860377 0.39499951420658247 0.913929912696699 0.9816124514194505 1.1360582140437163 1.650319317963826
83 747 -0.33899466416700325 0.017673841221700688 0.1763681252594588 0.9649059513637168 0.17596129327860377 0.39499951420658247 0.913929912696699 0.9816124514194505 1.1360582140437163 1.650319317963826
84 756 -0.33899466416700325 0.017673841221700688 0.1763681252594588 0.9649059513637168 0.17596129327860377 0.39499951420658247 0.913929912696699 0.9816124514194505 1.1360582140437163 1.650319317963826
85 765 -0.37284889262953547 -0.03911460993771268 0.24297439104643745 0.9390107190387398 0.23248354163038687 0.4428047039453547 0.9053609897001466 0.9909637721836915 1.1294849640296518 1.6347634060054186
86 774 -0.37284889262953547 -0.03911460993771268 0.24297439104643745 0.9390107190387398 0.23248354163038687 0.4428047039453547 0.9053609897001466 0.9909637721836915 1.1294849640296518 1.6347634060054186
87 783 -0.37284889262953547 -0.03911460993771268 0.24297439104643745 0.9390107190387398 0.23248354163038687 0.4428047039453547 0.9053609897001466 0.9909637721836915 1.1294849640296518 1.6347634060054186
88 792 -0.37284889262953547 -0.03911460993771268 0.24297439104643745 0.9390107190387398 0.23248354163038687 0.4428047039453547 0.9053609897001466 0.9909637721836915 1.1294849640296518 1.6347634060054186
89 801 -0.37284889262953547 -0.03911460993771268 0.24297439104643745 0.9390107190387398 0.23248354163038687 0.4428047039453547 0.9053609897001466 0.9909637721836915 1.1294849640296518 1.6347634060054186
90 810 -0.37284889262953547 -0.03911460993771268 0.24297439104643745 0.9390107190387398 0.23248354163038687 0.4428047039453547 0.9053609897001466 0.9909637721836915 1.1294849640296518 1.6347634060054186
91 819 -0.3704884138384228 -0.055262582980903495 0.16358804288033896 0.9234536750719307 0.2523387504218473 0.39546164193150246 0.9381385788773505 1.0179356405538849 1.1122254215863552 1.620676678084057
92 828 -0.3704884138384228 -0.055262582980903495 0.16358804288033896 0.9234536750719307 0.2523387504218473 0.39546164193150246 0.9381385788773505 1.0179356405538849 1.1122254215863552 1.620676678084057
93 837 -0.3704884138384228 -0.055262582980903495 0.16358804288033896 0.9234536750719307 0.2523387504218473 0.39546164193150246 0.9381385788773505 1.0179356405538849 1.1122254215863552 1.620676678084057
94 846 -0.3704884138384228 -0.055262582980903495 0.16358804288033896 0.9234536750719307 0.2523387504218473 0.39546164193150246 0.9381385788773505 1.0179356405538849 1.1122254215863552 1.620676678084057
95 855 -0.3704884138384228 -0.055262582980903495 0.16358804288033896 0.9234536750719307 0.2523387504218473 0.39546164193150246 0.9381385788773505 1.0179356405538849 1.1122254215863552 1.620676678084057
96 864 -0.3704884138384228 -0.055262582980903495 0.16358804288033896 0.9234536750719307 0.2523387504218473 0.39546164193150246 0.9381385788773505 1.0179356405538849 1.1122254215863552 1.620676678084057
97 873 -0.32374798843189495 -0.11114985741665255 0.31341512398613 0.9177041541309272 0.24296424108082978 0.3846115295205395 0.8160323301830876 1.0161334541067977 1.118981985154415 1.6859672907137673
98 882 -0.32374798843189495 -0.11114985741665255 0.31341512398613 0.9177041541309272 0.24296424108082978 0.3846115295205395 0.8160323301830876 1.0161334541067977 1.118981985154415 1.6859672907137673
99 891 -0.32374798843189495 -0.11114985741665255 0.31341512398613 0.9177041541309272 0.24296424108082978 0.3846115295205395 0.8160323301830876 1.0161334541067977 1.118981985154415 1.6859672907137673
100 900 -0.32374798843189495 -0.11114985741665255 0.31341512398613 0.9177041541309272 0.24296424108082978 0.3846115295205395 0.8160323301830876 1.0161334541067977 1.118981985154415 1.6859672907137673
101 909 -0.32374798843189495 -0.11114985741665255 0.31341512398613 0.9177041541309272 0.24296424108082978 0.3846115295205395 0.8160323301830876 1.0161334541067977 1.118981985154415 1.6859672907137673
102 918 -0.32374798843189495 -0.11114985741665255 0.31341512398613 0.9177041541309272 0.24296424108082978 0.3846115295205395 0.8160323301830876 1.0161334541067977 1.118981985154415 1.6859672907137673
103 927 -0.33873007715607395 -0.1292350380606903 0.38392745524589006 0.9306188871144667 0.20228504624811888 0.35238794509279603 0.798520371561394 1.0625575061336172 1.0730913184602866 1.707839360368357
104 936 -0.33873007715607395 -0.1292350380606903 0.38392745524589006 0.9306188871144667 0.20228504624811888 0.35238794509279603 0.798520371561394 1.0625575061336172 1.0730913184602866 1.707839360368357
105 945 -0.33873007715607395 -0.1292350380606903 0.38392745524589006 0.9306188871144667 0.20228504624811888 0.35238794509279603 0.798520371561394 1.0625575061336172 1.0730913184602866 1.707839360368357
106 954 -0.33873007715607395 -0.1292350380606903 0.38392745524589006 0.9306188871144667 0.20228504624811888 0.35238794509279603 0.798520371561394 1.0625575061336172 1.0730913184602866 1.707839360368357
107 963 -0.33873007715607395 -0.1292350380606903 0.38392745524589006 0.9306188871144667 0.20228504624811888 0.35238794509279603 0.798520371561394 1.0625575061336172 1.0730913184602866 1.707839360368357
108 972 -0.33873007715607395 -0.1292350380606903 0.38392745524589006 0.9306188871144667 0.20228504624811888 0.35238794509279603 0.798520371561394 1.0625575061336172 1.0730913184602866 1.707839360368357
109 981 -0.4793922403967376 -0.1309465285243663 0.2391103691243266 0.9073071348155451 0.21565703234580266 0.33093355597727125 0.8351410038016498 1.0064611759362665 1.125177293355864 1.6933772437193586
110 990 -0.4793922403967376 -0.1309465285243663 0.2391103691243266 0.9073071348155451 0.21565703234580266 0.33093355597727125 0.8351410038016498 1.0064611759362665 1.125177293355864 1.6933772437193586
111 999 -0.4793922403967376 -0.1309465285243663 0.2391103691243266 0.9073071348155451 0.21565703234580266 0.33093355597727125 0.8351410038016498 1.0064611759362665 1.125177293355864 1.6933772437193586
112 1008 -0.4793922403967376 -0.1309465285243663 0.2391103691243266 0.9073071348155451 0.21565703234580266 0.33093355597727125 0.8351410038016498 1.0064611759362665 1.125177293355864 1.6933772437193586
113 1017 -0.4793922403967376 -0.1309465285243663 0.2391103691243266 0.9073071348155451 0.21565703234580266 0.33093355597727125 0.8351410038016498 1.0064611759362665 1.125177293355864 1.6933772437193586
114 1026 -0.4793922403967376 -0.1309465285243663 0.2391103691243266 0.9073071348155451 0.21565703234580266 0.33093355597727125 0.8351410038016498 1.0064611759362665 1.125177293355864 1.6933772437193586
115 1035 -0.38591967145412476 -0.03074123088989334 0.24089625955015287 0.8906997107470043 0.2337126840139953 0.34052905208885614 0.7853891550284934 1.0370535559371945 1.1550575531158744 1.6741995676400285
116 1044 -0.38591967145412476 -0.03074123088989334 0.24089625955015287 0.8906997107470043 0.2337126840139953 0.34052905208885614 0.7853891550284934 1.0370535559371945 1.1550575531158744 1.6741995676400285
117 1053 -0.38591967145412476 -0.03074123088989334 0.24089625955015287 0.8906997107470043 0.2337126840139953 0.34052905208885614 0.7853891550284934 1.0370535559371945 1.1550575531158744 1.6741995676400285
118 1062 -0.38591967145412476 -0.03074123088989334 0.24089625955015287 0.8906997107470043 0.2337126840139953 0.34052905208885614 0.7853891550284934 1.0370535559371945 1.1550575531158744 1.6741995676400285
119 1071 -0.38591967145412476 -0.03074123088989334 0.24089625955015287 0.8906997107470043 0.2337126840139953 0.34052905208885614 0.7853891550284934 1.0370535559371945 1.1550575531158744 1.6741995676400285
120 1080 -0.38591967145412476 -0.03074123088989334 0.24089625955015287 0.8906997107470043 0.2337126840139953 0.34052905208885614 0.7853891550284934 1.0370535559371945 1.1550575531158744 1.6741995676400285
121 1089 -0.3084072414364299 0.06329711051084375 0.2953387028747967 0.9077066915266013 0.20766349263385953 0.3239049926523495 0.758626873124368 1.0049134632967904 1.1701035999509062 1.7021907042403657
122 1098 -0.3084072414364299 0.06329711051084375 0.2953387028747967 0.9077066915266013 0.20766349263385953 0.3239049926523495 0.758626873124368 1.0049134632967904 1.1701035999509062 1.7021907042403657
123 1107 -0.3084072414364299 0.06329711051084375 0.2953387028747967 0.9077066915266013 0.20766349263385953 0.3239049926523495 0.758626873124368 1.0049134632967904 1.1701035999509062 1.7021907042403657
124 1116 -0.3084072414364299 0.06329711051084375 0.2953387028747967 0.9077066915266013 0.20766349263385953 0.3239049926523495 0.758626873124368 1.0049134632967904 1.1701035999509062 1.7021907042403657
125 1125 -0.3084072414364299 0.06329711051084375 0.2953387028747967 0.9077066915266013 0.20766349263385953 0.3239049926523495 0.758626873124368 1.0049134632967904 1.1701035999509062 1.7021907042403657
126 1134 -0.3084072414364299 0.06329711051084375 0.2953387028747967 0.9077066915266013 0.20766349263385953 0.3239049926523495 0.758626873124368 1.0049134632967904 1.1701035999509062 1.7021907042403657
127 1143 -0.27434431656396197 -0.09686182284127201 0.22861856947416093 0.8935612015412726 0.23017201374884783 0.3433184687682705 0.7527291623884644 1.0782605968425036 1.1632021113824262 1.6573674953225324
128 1152 -0.27434431656396197 -0.09686182284127201 0.22861856947416093 0.8935612015412726 0.23017201374884783 0.3433184687682705 0.7527291623884644 1.0782605968425036 1.1632021113824262 1.6573674953225324
129 1161 -0.27434431656396197 -0.09686182284127201 0.22861856947416093 0.8935612015412726 0.23017201374884783 0.3433184687682705 0.7527291623884644 1.0782605968425036 1.1632021113824262 1.6573674953225324
130 1170 -0.27434431656396197 -0.09686182284127201 0.22861856947416093 0.8935612015412726 0.23017201374884783 0.3433184687682705 0.7527291623884644 1.0782605968425036 1.1632021113824262 1.6573674953225324
131 1179 -0.27434431656396197 -0.09686182284127201 0.22861856947416093 0.8935612015412726 0.23017201374884783 0.3433184687682705 0.7527291623884644 1.0782605968425036 1.1632021113824262 1.6573674953225324
132 1188 -0.27434431656396197 -0.09686182284127201 0.22861856947416093 0.8935612015412726 0.23017201374884783 0.3433184687682705 0.7527291623884644 1.0782605968425036 1.1632021113824262 1.6573674953225324
133 1197 -0.44632162407512876 -0.14231983060076867 0.4123335351925653 0.8748332280493973 0.2360107085734155 0.4627234529887383 0.571741705311404 1.1122529109592334 1.2462815105049807 1.6164693725946673
134 1206 -0.44632162407512876 -0.14231983060076867 0.4123335351925653 0.8748332280493973 0.2360107085734155 0.4627234529887383 0.571741705311404 1.1122529109592334 1.2462815105049807 1.6164693725946673
135 1215 -0.44632162407512876 -0.14231983060076867 0.4123335351925653 0.8748332280493973 0.2360107085734155 0.4627234529887383 0.571741705311404 1.1122529109592334 1.2462815105049807 1.6164693725946673
136 1224 -0.44632162407512876 -0.14231983060076867 0.4123335351925653 0.8748332280493973 0.2360107085734155 0.4627234529887383 0.571741705311404 1.1122529109592334 1.2462815105049807 1.6164693725946673
137 1233 -0.44632162407512876 -0.14231983060076867 0.4123335351925653 0.8748332280493973 0.2360107085734155 0.4627234529887383 0.571741705311404 1.1122529109592334 1.2462815105049807 1.6164693725946673
138 1242 -0.44632162407512876 -0.14231983060076867 0.4123335351925653 0.8748332280493973 0.2360107085734155 0.4627234529887383 0.571741705311404 1.1122529109592334 1.2462815105049807 1.6164693725946673
139 1251 -0.43125320204651685 -0.13763892979790102 0.46190909698407046 0.8929185938025648 0.23858261045585866 0.48996580435503423 0.6384105528201213 1.0454478860629868 1.2444378520721193 1.6290662860839216
140 1260 -0.43125320204651685 -0.13763892979790102 0.46190909698407046 0.8929185938025648 0.23858261045585866 0.48996580435503423 0.6384105528201213 1.0454478860629868 1.2444378520721193 1.6290662860839216
141 1269 -0.43125320204651685 -0.13763892979790102 0.46190909698407046 0.8929185938025648 0.23858261045585866 0.48996580435503423 0.6384105528201213 1.0454478860629868 1.2444378520721193 1.6290662860839216
142 1278 -0.43125320204651685 -0.13763892979790102 0.46190909698407046 0.8929185938025648 0.23858261045585866 0.48996580435503423 0.6384105528201213 1.0454478860629868 1.2444378520721193 1.6290662860839216
143 1287 -0.43125320204651685 -0.13763892979790102 0.46190909698407046 0.8929185938025648 0.23858261045585866 0.48996580435503423 0.6384105528201213 1.0454478860629868 1.2444378520721193 1.6290662860839216
144 1296 -0.43125320204651685 -0.13763892979790102 0.46190909698407046 0.8929185938025648 0.23858261045585866 0.48996580435503423 0.6384105528201213 1.0454478860629868 1.2444378520721193 1.6290662860839216
145 1305 -0.3080182713588433 0.0714940046835168 0.5033171698687885 0.8676305558485239 0.2745725372837265 0.4936394370277842 0.6617294123072168 0.9509673165704607 1.3348271191983188 1.59904406991662
146 1314 -0.3080182713588433 0.0714940046835168 0.5033171698687885 0.8676305558485239 0.2745725372837265 0.4936394370277842 0.6617294123072168 0.9509673165704607 1.3348271191983188 1.59904406991662
147 1323 -0.3080182713588433 0.0714940046835168 0.5033171698687885 0.8676305558485239 0.2745725372837265 0.4936394370277842 0.6617294123072168 0.9509673165704607 1.3348271191983188 1.59904406991662
148 1332 -0.3080182713588433 0.0714940046835168 0.5033171698687885 0.8676305558485239 0.2745725372837265 0.4936394370277842 0.6617294123072168 0.9509673165704607 1.3348271191983188 1.59904406991662
149 1341 -0.3080182713588433 0.0714940046835168 0.5033171698687885 0.8676305558485239 0.2745725372837265 0.4936394370277842 0.6617294123072168 0.9509673165704607 1.3348271191983188 1.59904406991662
150 1350 -0.3080182713588433 0.0714940046835168 0.5033171698687885 0.8676305558485239 0.2745725372837265 0.4936394370277842 0.6617294123072168 0.9509673165704607 1.3348271191983188 1.59904406991662
151 1359 -0.1951185916946474 0.12514043577101414 0.49921543855011585 0.8823622527019394 0.25331377145800393 0.47130093015782015 0.7177996647361847 0.9022749455392747 1.296408347501404 1.6442921051040456
152 1368 -0.1951185916946474 0.12514043577101414 0.49921543855011585 0.8823622527019394 0.25331377145800393 0.47130093015782015 0.7177996647361847 0.9022749455392747 1.296408347501404 1.6442921051040456
153 1377 -0.1951185916946474 0.12514043577101414 0.49921543855011585 0.8823622527019394 0.25331377145800393 0.47130093015782015 0.7177996647361847 0.9022749455392747 1.296408347501404 1.6442921051040456
154 1386 -0.1951185916946474 0.12514043577101414 0.49921543855011585 0.8823622527019394 0.25331377145800393 0.47130093015782015 0.7177996647361847 0.9022749455392747 1.296408347501404 1.6442921051040456
155 1395 -0.1951185916946474 0.12514043577101414 0.49921543855011585 0.8823622527019394 0.25331377145800393 0.47130093015782015 0.7177996647361847 0.9022749455392747 1.296408347501404 1.6442921051040456
156 1404 -0.1951185916946474 0.12514043577101414 0.49921543855011585 0.8823622527019394 0.25331377145800393 0.47130093015782015 0.7177996647361847 0.9022749455392747 1.296408347501404 1.6442921051040456
157 1413 -0.2878297881750559 -0.017982942867434425 0.4229811979404481 0.8727605034860818 0.280858253653469 0.4655198328146223 0.7907464606657767 0.9458270042442081 1.4174230572027968 1.4749417332585797
158 1422 -0.2878297881750559 -0.017982942867434425 0.4229811979404481 0.8727605034860818 0.280858253653469 0.4655198328146223 0.7907464606657767 0.9458270042442081 1.4174230572027968 1.4749417332585797
159 1431 -0.2878297881750559 -0.017982942867434425 0.4229811979404481 0.8727605034860818 0.280858253653469 0.4655198328146223 0.7907464606657767 0.9458270042442081 1.4174230572027968 1.4749417332585797
160 1440 -0.2878297881750559 -0.017982942867434425 0.4229811979404481 0.8727605034860818 0.280858253653469 0.4655198328146223 0.7907464606657767 0.9458270042442081 1.4174230572027968 1.4749417332585797
161 1449 -0.2878297881750559 -0.017982942867434425 0.4229811979404481 0.8727605034860818 0.280858253653469 0.4655198328146223 0.7907464606657767 0.9458270042442081 1.4174230572027968 1.4749417332585797
162 1458 -0.2878297881750559 -0.017982942867434425 0.4229811979404481 0.8727605034860818 0.280858253653469 0.4655198328146223 0.7907464606657767 0.9458270042442081 1.4174230572027968 1.4749417332585797
163 1467 -0.3108034899347961 -0.10925923372535884 0.30419302184277314 0.9005463028766432 0.22928618278836674 0.5005399092653786 0.8743153548409811 1.0259371042347947 1.3199672627758845 1.4620532785293765
164 1476 -0.3108034899347961 -0.10925923372535884 0.30419302184277314 0.9005463028766432 0.22928618278836674 0.5005399092653786 0.8743153548409811 1.0259371042347947 1.3199672627758845 1.4620532785293765
165 1485 -0.3108034899347961 -0.10925923372535884 0.30419302184277314 0.9005463028766432 0.22928618278836674 0.5005399092653786 0.8743153548409811 1.0259371042347947 1.3199672627758845 1.4620532785293765
166 1494 -0.3108034899347961 -0.10925923372535884 0.30419302184277314 0.9005463028766432 0.22928618278836674 0.5005399092653786 0.8743153548409811 1.0259371042347947 1.3199672627758845 1.4620532785293765
167 1503 -0.3108034899347961 -0.10925923372535884 0.30419302184277314 0.9005463028766432 0.22928618278836674 0.5005399092653786 0.8743153548409811 1.0259371042347947 1.3199672627758845 1.4620532785293765
168 1512 -0.3108034899347961 -0.10925923372535884 0.30419302184277314 0.9005463028766432 0.22928618278836674 0.5005399092653786 0.8743153548409811 1.0259371042347947 1.3199672627758845 1.4620532785293765
169 1521 -0.3035465255529213 -0.047623523082289156 0.3096197067343276 0.9357526355975954 0.18133049740592325 0.5348298019126312 0.9083650816663442 0.963900156706479 1.3146064439406484 1.4827864301904237
170 1530 -0.3035465255529213 -0.047623523082289156 0.3096197067343276 0.9357526355975954 0.18133049740592325 0.5348298019126312 0.9083650816663442 0.963900156706479 1.3146064439406484 1.4827864301904237
171 1539 -0.3035465255529213 -0.047623523082289156 0.3096197067343276 0.9357526355975954 0.18133049740592325 0.5348298019126312 0.9083650816663442 0.963900156706479 1.3146064439406484 1.4827864301904237
172 1548 -0.3035465255529213 -0.047623523082289156 0.3096197067343276 0.9357526355975954 0.18133049740592325 0.5348298019126312 0.9083650816663442 0.963900156706479 1.3146064439406484 1.4827864301904237
173 1557 -0.3035465255529213 -0.047623523082289156 0.3096197067343276 0.9357526355975954 0.18133049740592325 0.5348298019126312 0.9083650816663442 0.963900156706479 1.3146064439406484 1.4827864301904237
174 1566 -0.3035465255529213 -0.047623523082289156 0.3096197067343276 0.9357526355975954 0.18133049740592325 0.5348298019126312 0.9083650816663442 0.963900156706479 1.3146064439406484 1.4827864301904237
175 1575 -0.19874291113452358 0.04044815244119376 0.3017092246158461 0.9330397099687742 0.19191076140414265 0.5332822381105334 0.9221315429019823 1.003897854724046 1.277710140289226 1.4792226426203925
176 1584 -0.19874291113452358 0.04044815244119376 0.3017092246158461 0.9330397099687742 0.19191076140414265 0.5332822381105334 0.9221315429019823 1.003897854724046 1.277710140289226 1.4792226426203925
177 1593 -0.19874291113452358 0.04044815244119376 0.3017092246158461 0.9330397099687742 0.19191076140414265 0.5332822381105334 0.9221315429019823 1.003897854724046 1.277710140289226 1.4792226426203925
178 1602 -0.19874291113452358 0.04044815244119376 0.3017092246158461 0.9330397099687742 0.19191076140414265 0.5332822381105334 0.9221315429019823 1.003897854724046 1.277710140289226 1.4792226426203925
179 1611 -0.19874291113452358 0.04044815244119376 0.3017092246158461 0.9330397099687742 0.19191076140414265 0.5332822381105334 0.9221315429019823 1.003897854724046 1.277710140289226 1.4792226426203925
180 1620 -0.19874291113452358 0.04044815244119376 0.3017092246158461 0.9330397099687742 0.19191076140414265 0.5332822381105334 0.9221315429019823 1.003897854724046 1.277710140289226 1.4792226426203925
181 1629 -0.48647152795311305 -0.09509906016160331 0.18909659902074968 0.930557676436359 0.18515043510222665 0.461501762391098 0.9290576373491324 1.0037520097682244 1.25540585240904 1.5185603033129755
182 1638 -0.48647152795311305 -0.09509906016160331 0.18909659902074968 0.930557676436359 0.18515043510222665 0.461501762391098 0.9290576373491324 1.0037520097682244 1.25540585240904 1.5185603033129755
183 1647 -0.48647152795311305 -0.09509906016160331 0.18909659902074968 0.930557676436359 0.18515043510222665 0.461501762391098 0.9290576373491324 1.0037520097682244 1.25540585240904 1.5185603033129755
184 1656 -0.48647152795311305 -0.09509906016160331 0.18909659902074968 0.930557676436359 0.18515043510222665 0.461501762391098 0.9290576373491324 1.0037520097682244 1.25540585240904 1.5185603033129755
185 1665 -0.48647152795311305 -0.09509906016160331 0.18909659902074968 0.930557676436359 0.18515043510222665 0.461501762391098 0.9290576373491324 1.0037520097682244 1.25540585240904 1.5185603033129755
186 1674 -0.48647152795311305 -0.09509906016160331 0.18909659902074968 0.930557676436359 0.18515043510222665 0.461501762391098 0.9290576373491324 1.0037520097682244 1.25540585240904 1.5185603033129755
187 1683 -0.5063010001417338 -0.13103475737441833 0.10112689128952632 0.9393150458918023 0.18179930336813827 0.35143276483264785 0.9247564763025022 1.007115031984351 1.1857396453497513 1.6025012606642548
188 1692 -0.5063010001417338 -0.13103475737441833 0.10112689128952632 0.9393150458918023 0.18179930336813827 0.35143276483264785 0.9247564763025022 1.007115031984351 1.1857396453497513 1.6025012606642548
189 1701 -0.5063010001417338 -0.13103475737441833 0.10112689128952632 0.9393150458918023 0.18179930336813827 0.35143276483264785 0.9247564763025022 1.007115031984351 1.1857396453497513 1.6025012606642548
190 1710 -0.5063010001417338 -0.13103475737441833 0.10112689128952632 0.9393150458918023 0.18179930336813827 0.35143276483264785 0.9247564763025022 1.007115031984351 1.1857396453497513 1.6025012606642548
191 1719 -0.5063010001417338 -0.13103475737441833 0.10112689128952632 0.9393150458918023 0.18179930336813827 0.35143276483264785 0.9247564763025022 1.007115031984351 1.1857396453497513 1.6025012606642548
192 1728 -0.5063010001417338 -0.13103475737441833 0.10112689128952632 0.9393150458918023 0.18179930336813827 0.35143276483264785 0.9247564763025022 1.007115031984351 1.1857396453497513 1.6025012606642548
193 1737 -0.3052364837177328 -0.09559070216097618 0.12293529013288111 0.9500954192732124 0.1575265420762097 0.28311124166499285 0.9687897986238966 0.9969184960929963 1.2995558672914052 1.5079084187717926
194 1746 -0.3052364837177328 -0.09559070216097618 0.12293529013288111 0.9500954192732124 0.1575265420762097 0.28311124166499285 0.9687897986238966 0.9969184960929963 1.2995558672914052 1.5079084187717926
195 1755 -0.3052364837177328 -0.09559070216097618 0.12293529013288111 0.9500954192732124 0.1575265420762097 0.28311124166499285 0.9687897986238966 0.9969184960929963 1.2995558672914052 1.5079084187717926
196 1764 -0.3052364837177328 -0.09559070216097618 0.12293529013288111 0.9500954192732124 0.1575265420762097 0.28311124166499285 0.9687897986238966 0.9969184960929963 1.2995558672914052 1.5079084187717926
197 1773 -0.3052364837177328 -0.09559070216097618 0.12293529013288111 0.9500954192732124 0.1575265420762097 0.28311124166499285 0.9687897986238966 0.9969184960929963 1.2995558672914052 1.5079084187717926
198 1782 -0.3052364837177328 -0.09559070216097618 0.12293529013288111 0.9500954192732124 0.1575265420762097 0.28311124166499285 0.9687897986238966 0.9969184960929963 1.2995558672914052 1.5079084187717926
199 1791 -0.4530183177895928 -0.14596400923240269 0.1414367566395887 0.9590635869894564 0.15774970917363726 0.2913147612866852 0.9636272542049935 0.9954358259908082 1.1758084734426522 1.6088055209315746
200 1800 -0.4530183177895928 -0.14596400923240269 0.1414367566395887 0.9590635869894564 0.15774970917363726 0.2913147612866852 0.9636272542049935 0.9954358259908082 1.1758084734426522 1.6088055209315746
201 1809 -0.4530183177895928 -0.14596400923240269 0.1414367566395887 0.9590635869894564 0.15774970917363726 0.2913147612866852 0.9636272542049935 0.9954358259908082 1.1758084734426522 1.6088055209315746
202 1818 -0.4530183177895928 -0.14596400923240269 0.1414367566395887 0.9590635869894564 0.15774970917363726 0.2913147612866852 0.9636272542049935 0.9954358259908082 1.1758084734426522 1.6088055209315746
203 1827 -0.4530183177895928 -0.14596400923240269 0.1414367566395887 0.9590635869894564 0.15774970917363726 0.2913147612866852 0.9636272542049935 0.9954358259908082 1.1758084734426522 1.6088055209315746
204 1836 -0.4530183177895928 -0.14596400923240269 0.1414367566395887 0.9590635869894564 0.15774970917363726 0.2913147612866852 0.9636272542049935 0.9954358259908082 1.1758084734426522 1.6088055209315746
205 1845 -0.43955781578757336 -0.21156285470542902 0.2150384548668797 0.9541316554498888 0.16503981988663585 0.2591030002017356 0.861149241786938 1.0531477552260027 1.179780817850931 1.631884341490367
206 1854 -0.43955781578757336 -0.21156285470542902 0.2150384548668797 0.9541316554498888 0.16503981988663585 0.2591030002017356 0.861149241786938 1.0531477552260027 1.179780817850931 1.631884341490367
207 1863 -0.43955781578757336 -0.21156285470542902 0.2150384548668797 0.9541316554498888 0.16503981988663585 0.2591030002017356 0.861149241786938 1.0531477552260027 1.179780817850931 1.631884341490367
208 1872 -0.43955781578757336 -0.21156285470542902 0.2150384548668797 0.9541316554498888 0.16503981988663585 0.2591030002017356 0.861149241786938 1.0531477552260027 1.179780817850931 1.631884341490367
209 1881 -0.43955781578757336 -0.21156285470542902 0.2150384548668797 0.9541316554498888 0.16503981988663585 0.2591030002017356 0.861149241786938 1.0531477552260027 1.179780817850931 1.631884341490367
210 1890 -0.43955781578757336 -0.21156285470542902 0.2150384548668797 0.9541316554498888 0.16503981988663585 0.2591030002017356 0.861149241786938 1.0531477552260027 1.179780817850931 1.631884341490367
211 1899 -0.5375115835244173 -0.272161748056186 0.09771824196733855 0.9528381638536204 0.1755096258849587 0.2688077493992684 0.8653836548252252 0.9977191548268283 1.1640864225221863 1.6725756138474266
212 1908 -0.5375115835244173 -0.272161748056186 0.09771824196733855 0.9528381638536204 0.1755096258849587 0.2688077493992684 0.8653836548252252 0.9977191548268283 1.1640864225221863 1.6725756138474266
213 1917 -0.5375115835244173 -0.272161748056186 0.09771824196733855 0.9528381638536204 0.1755096258849587 0.2688077493992684 0.8653836548252252 0.9977191548268283 1.1640864225221863 1.6725756138474266
214 1926 -0.5375115835244173 -0.272161748056186 0.09771824196733855 0.9528381638536204 0.1755096258849587 0.2688077493992684 0.8653836548252252 0.9977191548268283 1.1640864225221863 1.6725756138474266
215 1935 -0.5375115835244173 -0.272161748056186 0.09771824196733855 0.9528381638536204 0.1755096258849587 0.2688077493992684 0.8653836548252252 0.9977191548268283 1.1640864225221863 1.6725756138474266
216 1944 -0.5375115835244173 -0.272161748056186 0.09771824196733855 0.9528381638536204 0.1755096258849587 0.2688077493992684 0.8653836548252252 0.9977191548268283 1.1640864225221863 1.6725756138474266
217 1953 -0.4247572757673793 -0.2830464579741042 0.06264778251287689 0.9635187474480222 0.17178928460214185 0.36776115563745504 0.8643461364527356 1.0331402511137218 1.1819031121790295 1.6198370860828923
218 1962 -0.4247572757673793 -0.2830464579741042 0.06264778251287689 0.9635187474480222 0.17178928460214185 0.36776115563745504 0.8643461364527356 1.0331402511137218 1.1819031121790295 1.6198370860828923
219 1971 -0.4247572757673793 -0.2830464579741042 0.06264778251287689 0.9635187474480222 0.17178928460214185 0.36776115563745504 0.8643461364527356 1.0331402511137218 1.1819031121790295 1.6198370860828923
220 1980 -0.4247572757673793 -0.2830464579741042 0.06264778251287689 0.9635187474480222 0.17178928460214185 0.36776115563745504 0.8643461364527356 1.0331402511137218 1.1819031121790295 1.6198370860828923
221 1989 -0.4247572757673793 -0.2830464579741042 0.06264778251287689 0.9635187474480222 0.17178928460214185 0.36776115563745504 0.8643461364527356 1.0331402511137218 1.1819031121790295 1.6198370860828923
222 1998 -0.4247572757673793 -0.2830464579741042 0.06264778251287689 0.9635187474480222 0.17178928460214185 0.36776115563745504 0.8643461364527356 1.0331402511137218 1.1819031121790295 1.6198370860828923
223 2007 -0.3916247657418786 -0.29002000073646617 -0.06522264008634787 0.9654404914438495 0.14758128546301205 0.3919832594279172 0.8016749381246014 1.0374905477263037 1.2272409496618062 1.6122590353116426
224 2016 -0.3916247657418786 -0.29002000073646617 -0.06522264008634787 0.9654404914438495 0.14758128546301205 0.3919832594279172 0.8016749381246014 1.0374905477263037 1.2272409496618062 1.6122590353116426
225 2025 -0.3916247657418786 -0.29002000073646617 -0.06522264008634787 0.9654404914438495 0.14758128546301205 0.3919832594279172 0.8016749381246014 1.0374905477263037 1.2272409496618062 1.6122590353116426
226 2034 -0.3916247657418786 -0.29002000073646617 -0.06522264008634787 0.9654404914438495 0.14758128546301205 0.3919832594279172 0.8016749381246014 1.0374905477263037 1.2272409496618062 1.6122590353116426
227 2043 -0.3916247657418786 -0.29002000073646617 -0.06522264008634787 0.9654404914438495 0.14758128546301205 0.3919832594279172 0.8016749381246014 1.0374905477263037 1.2272409496618062 1.6122590353116426
228 2052 -0.3916247657418786 -0.29002000073646617 -0.06522264008634787 0.9654404914438495 0.14758128546301205 0.3919832594279172 0.8016749381246014 1.0374905477263037 1.2272409496618062 1.6122590353116426
229 2061 -0.3277000254305859 -0.23396228388474888 0.05712949777168755 0.9612801405450563 0.16184143486867658 0.38635965046908965 0.8187288395898193 0.9962945424482446 1.299536753641973 1.572519655932632
230 2070 -0.3277000254305859 -0.23396228388474888 0.05712949777168755 0.9612801405450563 0.16184143486867658 0.38635965046908965 0.8187288395898193 0.9962945424482446 1.299536753641973 1.572519655932632
231 2079 -0.3277000254305859 -0.23396228388474888 0.05712949777168755 0.9612801405450563 0.16184143486867658 0.38635965046908965 0.8187288395898193 0.9962945424482446 1.299536753641973 1.572519655932632
232 2088 -0.3277000254305859 -0.23396228388474888 0.05712949777168755 0.9612801405450563 0.16184143486867658 0.38635965046908965 0.8187288395898193 0.9962945424482446 1.299536753641973 1.572519655932632
233 2097 -0.3277000254305859 -0.23396228388474888 0.05712949777168755 0.9612801405450563 0.16184143486867658 0.38635965046908965 0.8187288395898193 0.9962945424482446 1.299536753641973 1.572519655932632
234 2106 -0.3277000254305859 -0.23396228388474888 0.05712949777168755 0.9612801405450563 0.16184143486867658 0.38635965046908965 0.8187288395898193 0.9962945424482446 1.299536753641973 1.572519655932632
235 2115 -0.3600477702191933 -0.2912739146299538 0.07958066365878187 0.9522336346261556 0.1701107240401756 0.4092348075301278 0.8496318959502573 1.024786950156297 1.1896541613412963 1.6174824692864425
236 2124 -0.3600477702191933 -0.2912739146299538 0.07958066365878187 0.9522336346261556 0.1701107240401756 0.4092348075301278 0.8496318959502573 1.024786950156297 1.1896541613412963 1.6174824692864425
237 2133 -0.3600477702191933 -0.2912739146299538 0.07958066365878187 0.9522336346261556 0.1701107240401756 0.4092348075301278 0.8496318959502573 1.024786950156297 1.1896541613412963 1.6174824692864425
238 2142 -0.3600477702191933 -0.2912739146299538 0.07958066365878187 0.9522336346261556 0.1701107240401756 0.4092348075301278 0.8496318959502573 1.024786950156297 1.1896541613412963 1.6174824692864425
239 2151 -0.3600477702191933 -0.2912739146299538 0.07958066365878187 0.9522336346261556 0.1701107240401756 0.4092348075301278 0.8496318959502573 1.024786950156297 1.1896541613412963 1.6174824692864425
240 2160 -0.3600477702191933 -0.2912739146299538 0.07958066365878187 0.9522336346261556 0.1701107240401756 0.4092348075301278 0.8496318959502573 1.024786950156297 1.1896541613412963 1.6174824692864425
241 2169 -0.18624516152686318 -0.1127135782524314 0.1751174838769763 0.9394203912379047 0.1908638887711149 0.4526927149935302 0.8958963210820583 1.020751335286955 1.3187997478944509 1.4747352305041133
242 2178 -0.18624516152686318 -0.1127135782524314 0.1751174838769763 0.9394203912379047 0.1908638887711149 0.4526927149935302 0.8958963210820583 1.020751335286955 1.3187997478944509 1.4747352305041133
243 2187 -0.18624516152686318 -0.1127135782524314 0.1751174838769763 0.9394203912379047 0.1908638887711149 0.4526927149935302 0.8958963210820583 1.020751335286955 1.3187997478944509 1.4747352305041133
244 2196 -0.18624516152686318 -0.1127135782524314 0.1751174838769763 0.9394203912379047 0.1908638887711149 0.4526927149935302 0.8958963210820583 1.020751335286955 1.3187997478944509 1.4747352305041133
245 2205 -0.18624516152686318 -0.1127135782524314 0.1751174838769763 0.9394203912379047 0.1908638887711149 0.4526927149935302 0.8958963210820583 1.020751335286955 1.3187997478944509 1.4747352305041133
246 2214 -0.18624516152686318 -0.1127135782524314 0.1751174838769763 0.9394203912379047 0.1908638887711149 0.4526927149935302 0.8958963210820583 1.020751335286955 1.3187997478944509 1.4747352305041133
247 2223 -0.1993141716118961 -0.10797571664204098 0.1085786315178608 0.9388594065526159 0.20911104827321295 0.5407741247696275 0.9440417039333344 1.0002612076721724 1.2937060142948829 1.4485936081965236
248 2232 -0.1993141716118961 -0.10797571664204098 0.1085786315178608 0.9388594065526159 0.20911104827321295 0.5407741247696275 0.9440417039333344 1.0002612076721724 1.2937060142948829 1.4485936081965236
249 2241 -0.1993141716118961 -0.10797571664204098 0.1085786315178608 0.9388594065526159 0.20911104827321295 0.5407741247696275 0.9440417039333344 1.0002612076721724 1.2937060142948829 1.4485936081965236
250 2250 -0.1993141716118961 -0.10797571664204098 0.1085786315178608 0.9388594065526159 0.20911104827321295 0.5407741247696275 0.9440417039333344 1.0002612076721724 1.2937060142948829 1.4485936081965236
251 2259 -0.1993141716118961 -0.10797571664204098 0.1085786315178608 0.9388594065526159 0.20911104827321295 0.5407741247696275 0.9440417039333344 1.0002612076721724 1.2937060142948829 1.4485936081965236
252 2268 -0.1993141716118961 -0.10797571664204098 0.1085786315178608 0.9388594065526159 0.20911104827321295 0.5407741247696275 0.9440417039333344 1.0002612076721724 1.2937060142948829 1.4485936081965236
253 2277 -0.3220234086193734 -0.07860136312731877 0.1246629972604539 0.9257841707791014 0.2182656638951571 0.49238002906878175 0.9908875807940639 1.0084196265580676 1.2384351841706251 1.4756124018682806
254 2286 -0.3220234086193734 -0.07860136312731877 0.1246629972604539 0.9257841707791014 0.2182656638951571 0.49238002906878175 0.9908875807940639 1.0084196265580676 1.2384351841706251 1.4756124018682806
255 2295 -0.3220234086193734 -0.07860136312731877 0.1246629972604539 0.9257841707791014 0.2182656638951571 0.49238002906878175 0.9908875807940639 1.0084196265580676 1.2384351841706251 1.4756124018682806
256 2304 -0.3220234086193734 -0.07860136312731877 0.1246629972604539 0.9257841707791014 0.2182656638951571 0.49238002906878175 0.9908875807940639 1.0084196265580676 1.2384351841706251 1.4756124018682806
257 2313 -0.3220234086193734 -0.07860136312731877 0.1246629972604539 0.9257841707791014 0.2182656638951571 0.49238002906878175 0.9908875807940639 1.0084196265580676 1.2384351841706251 1.4756124018682806
258 2322 -0.3220234086193734 -0.07860136312731877 0.1246629972604539 0.9257841707791014 0.2182656638951571 0.49238002906878175 0.9908875807940639 1.0084196265580676 1.2384351841706251 1.4756124018682806
259 2331 -0.21052872058497218 -0.1132757826999567 0.04402508832374732 0.9377771890424103 0.2084699982402661 0.45331246166070716 0.941012543924009 1.0079238723763166 1.3413393038239312 1.4319363825343434
260 2340 -0.21052872058497218 -0.1132757826999567 0.04402508832374732 0.9377771890424103 0.2084699982402661 0.45331246166070716 0.941012543924009 1.0079238723763166 1.3413393038239312 1.4319363825343434
261 2349 -0.21052872058497218 -0.1132757826999567 0.04402508832374732 0.9377771890424103 0.2084699982402661 0.45331246166070716 0.941012543924009 1.0079238723763166 1.3413393038239312 1.4319363825343434
262 2358 -0.21052872058497218 -0.1132757826999567 0.04402508832374732 0.9377771890424103 0.2084699982402661 0.45331246166070716 0.941012543924009 1.0079238723763166 1.3413393038239312 1.4319363825343434
263 2367 -0.21052872058497218 -0.1132757826999567 0.04402508832374732 0.9377771890424103 0.2084699982402661 0.45331246166070716 0.941012543924009 1.0079238723763166 1.3413393038239312 1.4319363825343434
264 2376 -0.21052872058497218 -0.1132757826999567 0.04402508832374732 0.9377771890424103 0.2084699982402661 0.45331246166070716 0.941012543924009 1.0079238723763166 1.3413393038239312 1.4319363825343434
265 2385 -0.25873386331694287 -0.18629474297035983 0.06712860115196023 0.9153207592869912 0.23981627785997978 0.5257258349938367 0.8555159885053591 1.0338188723196085 1.3350175556250512 1.4433085457080346
266 2394 -0.25873386331694287 -0.18629474297035983 0.06712860115196023 0.9153207592869912 0.23981627785997978 0.5257258349938367 0.8555159885053591 1.0338188723196085 1.3350175556250512 1.4433085457080346
267 2403 -0.25873386331694287 -0.18629474297035983 0.06712860115196023 0.9153207592869912 0.23981627785997978 0.5257258349938367 0.8555159885053591 1.0338188723196085 1.3350175556250512 1.4433085457080346
268 2412 -0.25873386331694287 -0.18629474297035983 0.06712860115196023 0.9153207592869912 0.23981627785997978 0.5257258349938367 0.8555159885053591 1.0338188723196085 1.3350175556250512 1.4433085457080346
269 2421 -0.25873386331694287 -0.18629474297035983 0.06712860115196023 0.9153207592869912 0.23981627785997978 0.5257258349938367 0.8555159885053591 1.0338188723196085 1.3350175556250512 1.4433085457080346
270 2430 -0.25873386331694287 -0.18629474297035983 0.06712860115196023 0.9153207592869912 0.23981627785997978 0.5257258349938367 0.8555159885053591 1.0338188723196085 1.3350175556250512 1.4433085457080346
271 2439 -0.3131724583649703 -0.11416685545189986 0.16364103073351582 0.9257963535298912 0.22491546269482077 0.5224736655300127 0.8266746848808542 1.0706969420660077 1.361401961936615 1.4118201107546187
272 2448 -0.3131724583649703 -0.11416685545189986 0.16364103073351582 0.9257963535298912 0.22491546269482077 0.5224736655300127 0.8266746848808542 1.0706969420660077 1.361401961936615 1.4118201107546187
273 2457 -0.3131724583649703 -0.11416685545189986 0.16364103073351582 0.9257963535298912 0.22491546269482077 0.5224736655300127 0.8266746848808542 1.0706969420660077 1.361401961936615 1.4118201107546187
274 2466 -0.3131724583649703 -0.11416685545189986 0.16364103073351582 0.9257963535298912 0.22491546269482077 0.5224736655300127 0.8266746848808542 1.0706969420660077 1.361401961936615 1.4118201107546187
275 2475 -0.3131724583649703 -0.11416685545189986 0.16364103073351582 0.9257963535298912 0.22491546269482077 0.5224736655300127 0.8266746848808542 1.0706969420660077 1.361401961936615 1.4118201107546187
276 2484 -0.3131724583649703 -0.11416685545189986 0.16364103073351582 0.9257963535298912 0.22491546269482077 0.5224736655300127 0.8266746848808542 1.0706969420660077 1.361401961936615 1.4118201107546187
277 2493 -0.3310922050262489 -0.15522863028774994 0.1850458960440643 0.9385001408049993 0.21402420937698222 0.5264556156077449 0.8185126868567705 1.0778333322968252 1.3012165409429668 1.4670330348756566
278 2502 -0.3310922050262489 -0.15522863028774994 0.1850458960440643 0.9385001408049993 0.21402420937698222 0.5264556156077449 0.8185126868567705 1.0778333322968252 1.3012165409429668 1.4670330348756566
279 2511 -0.3310922050262489 -0.15522863028774994 0.1850458960440643 0.9385001408049993 0.21402420937698222 0.5264556156077449 0.8185126868567705 1.0778333322968252 1.3012165409429668 1.4670330348756566
280 2520 -0.3310922050262489 -0.15522863028774994 0.1850458960440643 0.9385001408049993 0.21402420937698222 0.5264556156077449 0.8185126868567705 1.0778333322968252 1.3012165409429668 1.4670330348756566
281 2529 -0.3310922050262489 -0.15522863028774994 0.1850458960440643 0.9385001408049993 0.21402420937698222 0.5264556156077449 0.8185126868567705 1.0778333322968252 1.3012165409429668 1.4670330348756566
282 2538 -0.3310922050262489 -0.15522863028774994 0.1850458960440643 0.9385001408049993 0.21402420937698222 0.5264556156077449 0.8185126868567705 1.0778333322968252 1.3012165409429668 1.4670330348756566
283 2547 -0.317640434306218 -0.14777479524595932 0.19372665232210848 0.9422015950638429 0.19893343763197122 0.4556303988936245 0.8201664143531283 1.0205133343915738 1.3616108981983452 1.478080436241406
284 2556 -0.317640434306218 -0.14777479524595932 0.19372665232210848 0.9422015950638429 0.19893343763197122 0.4556303988936245 0.8201664143531283 1.0205133343915738 1.3616108981983452 1.478080436241406
285 2565 -0.317640434306218 -0.14777479524595932 0.19372665232210848 0.9422015950638429 0.19893343763197122 0.4556303988936245 0.8201664143531283 1.0205133343915738 1.3616108981983452 1.478080436241406
286 2574 -0.317640434306218 -0.14777479524595932 0.19372665232210848 0.9422015950638429 0.19893343763197122 0.4556303988936245 0.8201664143531283 1.0205133343915738 1.3616108981983452 1.478080436241406
287 2583 -0.317640434306218 -0.14777479524595932 0.19372665232210848 0.9422015950638429 0.19893343763197122 0.4556303988936245 0.8201664143531283 1.0205133343915738 1.3616108981983452 1.478080436241406
288 2592 -0.317640434306218 -0.14777479524595932 0.19372665232210848 0.9422015950638429 0.19893343763197122 0.4556303988936245 0.8201664143531283 1.0205133343915738 1.3616108981983452 1.478080436241406
289 2601 -0.3963342221254531 -0.23763832436215254 0.12972133255257362 0.9273929999085679 0.21782460673852966 0.4999679606403251 0.7896058041790603 0.9679423248449147 1.3171268544228487 1.5515707067907327
290 2610 -0.3963342221254531 -0.23763832436215254 0.12972133255257362 0.9273929999085679 0.21782460673852966 0.4999679606403251 0.7896058041790603 0.9679423248449147 1.3171268544228487 1.5515707067907327
291 2619 -0.3963342221254531 -0.23763832436215254 0.12972133255257362 0.9273929999085679 0.21782460673852966 0.4999679606403251 0.7896058041790603 0.9679423248449147 1.3171268544228487 1.5515707067907327
292 2628 -0.3963342221254531 -0.23763832436215254 0.12972133255257362 0.9273929999085679 0.21782460673852966 0.4999679606403251 0.7896058041790603 0.9679423248449147 1.3171268544228487 1.5515707067907327
293 2637 -0.3963342221254531 -0.23763832436215254 0.12972133255257362 0.9273929999085679 0.21782460673852966 0.4999679606403251 0.7896058041790603 0.9679423248449147 1.3171268544228487 1.5515707067907327
294 2646 -0.3963342221254531 -0.23763832436215254 0.12972133255257362 0.9273929999085679 0.21782460673852966 0.4999679606403251 0.7896058041790603 0.9679423248449147 1.3171268544228487 1.5515707067907327
295 2655 -0.4667134601980083 -0.22629764803375285 0.05315741107214387 0.9489681895239461 0.19894273189448777 0.5337726886094266 0.7615059622608668 0.98488060963992 1.3011935245701596 1.5596546964421838
296 2664 -0.4667134601980083 -0.22629764803375285 0.05315741107214387 0.9489681895239461 0.19894273189448777 0.5337726886094266 0.7615059622608668 0.98488060963992 1.3011935245701596 1.5596546964421838
297 2673 -0.4667134601980083 -0.22629764803375285 0.05315741107214387 0.9489681895239461 0.19894273189448777 0.5337726886094266 0.7615059622608668 0.98488060963992 1.3011935245701596 1.5596546964421838
298 2682 -0.4667134601980083 -0.22629764803375285 0.05315741107214387 0.9489681895239461 0.19894273189448777 0.5337726886094266 0.7615059622608668 0.98488060963992 1.3011935245701596 1.5596546964421838
299 2691 -0.4667134601980083 -0.22629764803375285 0.05315741107214387 0.9489681895239461 0.19894273189448777 0.5337726886094266 0.7615059622608668 0.98488060963992 1.3011935245701596 1.5596546964421838
300 2700 -0.4667134601980083 -0.22629764803375285 0.05315741107214387 0.9489681895239461 0.19894273189448777 0.5337726886094266 0.7615059622608668 0.98488060963992 1.3011935245701596 1.5596546964421838
301 2709 -0.35785406490723903 -0.1524749945496086 0.07986002630122375 0.9579890903622861 0.1935816163966704 0.5939670479039499 0.8278726508715212 0.9967258243760906 1.3749322185545259 1.42844502979254
302 2718 -0.35785406490723903 -0.1524749945496086 0.07986002630122375 0.9579890903622861 0.1935816163966704 0.5939670479039499 0.8278726508715212 0.9967258243760906 1.3749322185545259 1.42844502979254
303 2727 -0.35785406490723903 -0.1524749945496086 0.07986002630122375 0.9579890903622861 0.1935816163966704 0.5939670479039499 0.8278726508715212 0.9967258243760906 1.3749322185545259 1.42844502979254
304 2736 -0.35785406490723903 -0.1524749945496086 0.07986002630122375 0.9579890903622861 0.1935816163966704 0.5939670479039499 0.8278726508715212 0.9967258243760906 1.3749322185545259 1.42844502979254
305 2745 -0.35785406490723903 -0.1524749945496086 0.07986002630122375 0.9579890903622861 0.1935816163966704 0.5939670479039499 0.8278726508715212 0.9967258243760906 1.3749322185545259 1.42844502979254
306 2754 -0.35785406490723903 -0.1524749945496086 0.07986002630122375 0.9579890903622861 0.1935816163966704 0.5939670479039499 0.8278726508715212 0.9967258243760906 1.3749322185545259 1.42844502979254
307 2763 -0.3787827114526904 -0.18580057569059386 0.06597965658591186 0.9561920389175659 0.18153334216254582 0.6087660905225192 0.7921522560628119 1.007424627176633 1.3544752249778638 1.4558285549497267
308 2772 -0.3787827114526904 -0.18580057569059386 0.06597965658591186 0.9561920389175659 0.18153334216254582 0.6087660905225192 0.7921522560628119 1.007424627176633 1.3544752249778638 1.4558285549497267
309 2781 -0.3787827114526904 -0.18580057569059386 0.06597965658591186 0.9561920389175659 0.18153334216254582 0.6087660905225192 0.7921522560628119 1.007424627176633 1.3544752249778638 1.4558285549497267
310 2790 -0.3787827114526904 -0.18580057569059386 0.06597965658591186 0.9561920389175659 0.18153334216254582 0.6087660905225192 0.7921522560628119 1.007424627176633 1.3544752249778638 1.4558285549497267
311 2799 -0.3787827114526904 -0.18580057569059386 0.06597965658591186 0.9561920389175659 0.18153334216254582 0.6087660905225192 0.7921522560628119 1.007424627176633 1.3544752249778638 1.4558285549497267
312 2808 -0.3787827114526904 -0.18580057569059386 0.06597965658591186 0.9561920389175659 0.18153334216254582 0.6087660905225192 0.7921522560628119 1.007424627176633 1.3544752249778638 1.4558285549497267
313 2817 -0.29705812006373855 -0.151891280860909 0.13196955821755724 0.9334496501397316 0.20518902593267266 0.7713240716562866 0.944938159542693 0.9718007811458732 1.1883542748618798 1.4537764181407689
314 2826 -0.29705812006373855 -0.151891280860909 0.13196955821755724 0.9334496501397316 0.20518902593267266 0.7713240716562866 0.944938159542693 0.9718007811458732 1.1883542748618798 1.4537764181407689
315 2835 -0.29705812006373855 -0.151891280860909 0.13196955821755724 0.9334496501397316 0.20518902593267266 0.7713240716562866 0.944938159542693 0.9718007811458732 1.1883542748618798 1.4537764181407689
316 2844 -0.29705812006373855 -0.151891280860909 0.13196955821755724 0.9334496501397316 0.20518902593267266 0.7713240716562866 0.944938159542693 0.9718007811458732 1.1883542748618798 1.4537764181407689
317 2853 -0.29705812006373855 -0.151891280860909 0.13196955821755724 0.9334496501397316 0.20518902593267266 0.7713240716562866 0.944938159542693 0.9718007811458732 1.1883542748618798 1.4537764181407689
318 2862 -0.29705812006373855 -0.151891280860909 0.13196955821755724 0.9334496501397316 0.20518902593267266 0.7713240716562866 0.944938159542693 0.9718007811458732 1.1883542748618798 1.4537764181407689
319 2871 -0.3437648431535023 -0.2241221335973238 0.09845196284557375 0.9296903351713837 0.19569044974680108 0.743604513294481 0.8981644482621135 1.015431455645423 1.142232770139701 1.5054107271003452
320 2880 -0.3437648431535023 -0.2241221335973238 0.09845196284557375 0.9296903351713837 0.19569044974680108 0.743604513294481 0.8981644482621135 1.015431455645423 1.142232770139701 1.5054107271003452
321 2889 -0.3437648431535023 -0.2241221335973238 0.09845196284557375 0.9296903351713837 0.19569044974680108 0.743604513294481 0.8981644482621135 1.015431455645423 1.142232770139701 1.5054107271003452
322 2898 -0.3437648431535023 -0.2241221335973238 0.09845196284557375 0.9296903351713837 0.19569044974680108 0.743604513294481 0.8981644482621135 1.015431455645423 1.142232770139701 1.5054107271003452
323 2907 -0.3437648431535023 -0.2241221335973238 0.09845196284557375 0.9296903351713837 0.19569044974680108 0.743604513294481 0.8981644482621135 1.015431455645423 1.142232770139701 1.5054107271003452
324 2916 -0.3437648431535023 -0.2241221335973238 0.09845196284557375 0.9296903351713837 0.19569044974680108 0.743604513294481 0.8981644482621135 1.015431455645423 1.142232770139701 1.5054107271003452
325 2925 -0.18528459248546092 -0.1555576005837119 0.20104231353398108 0.9381617316063989 0.19145604002519317 0.7752003949399816 0.926333288343923 1.0532839271942216 1.1315971131152818 1.454096459534986
326 2934 -0.18528459248546092 -0.1555576005837119 0.20104231353398108 0.9381617316063989 0.19145604002519317 0.7752003949399816 0.926333288343923 1.0532839271942216 1.1315971131152818 1.454096459534986
327 2943 -0.18528459248546092 -0.1555576005837119 0.20104231353398108 0.9381617316063989 0.19145604002519317 0.7752003949399816 0.926333288343923 1.0532839271942216 1.1315971131152818 1.454096459534986
328 2952 -0.18528459248546092 -0.1555576005837119 0.20104231353398108 0.9381617316063989 0.19145604002519317 0.7752003949399816 0.926333288343923 1.0532839271942216 1.1315971131152818 1.454096459534986
329 2961 -0.18528459248546092 -0.1555576005837119 0.20104231353398108 0.9381617316063989 0.19145604002519317 0.7752003949399816 0.926333288343923 1.0532839271942216 1.1315971131152818 1.454096459534986
330 2970 -0.18528459248546092 -0.1555576005837119 0.20104231353398108 0.9381617316063989 0.19145604002519317 0.7752003949399816 0.926333288343923 1.0532839271942216 1.1315971131152818 1.454096459534986
331 2979 -0.21810983291236094 -0.16400949239100598 0.053560353824790914 0.9393112050149695 0.20337268170748452 0.8549373537706486 0.8883634842575082 1.0101417585550418 1.1843640827102633 1.4196574729524771
332 2988 -0.21810983291236094 -0.16400949239100598 0.053560353824790914 0.9393112050149695 0.20337268170748452 0.8549373537706486 0.8883634842575082 1.0101417585550418 1.1843640827102633 1.4196574729524771
333 2997 -0.21810983291236094 -0.16400949239100598 0.053560353824790914 0.9393112050149695 0.20337268170748452 0.8549373537706486 0.8883634842575082 1.0101417585550418 1.1843640827102633 1.4196574729524771
334 3006 -0.21810983291236094 -0.16400949239100598 0.053560353824790914 0.9393112050149695 0.20337268170748452 0.8549373537706486 0.8883634842575082 1.0101417585550418 1.1843640827102633 1.4196574729524771
335 3015 -0.21810983291236094 -0.16400949239100598 0.053560353824790914 0.9393112050149695 0.20337268170748452 0.8549373537706486 0.8883634842575082 1.0101417585550418 1.1843640827102633 1.4196574729524771
336 3024 -0.29464033437734527 -0.14507682977726782 0.037205108216367716 0.9350764613064202 0.1996999551180767 0.8171205587532863 0.8297244543218283 1.0932108942999532 1.1704837674153838 1.4278826776349258
337 3033 -0.29464033437734527 -0.14507682977726782 0.037205108216367716 0.9350764613064202 0.1996999551180767 0.8171205587532863 0.8297244543218283 1.0932108942999532 1.1704837674153838 1.4278826776349258
338 3042 -0.29464033437734527 -0.14507682977726782 0.037205108216367716 0.9350764613064202 0.1996999551180767 0.8171205587532863 0.8297244543218283 1.0932108942999532 1.1704837674153838 1.4278826776349258
339 3051 -0.29464033437734527 -0.14507682977726782 0.037205108216367716 0.9350764613064202 0.1996999551180767 0.8171205587532863 0.8297244543218283 1.0932108942999532 1.1704837674153838 1.4278826776349258
340 3060 -0.29464033437734527 -0.14507682977726782 0.037205108216367716 0.9350764613064202 0.1996999551180767 0.8171205587532863 0.8297244543218283 1.0932108942999532 1.1704837674153838 1.4278826776349258
341 3069 -0.29464033437734527 -0.14507682977726782 0.037205108216367716 0.9350764613064202 0.1996999551180767 0.8171205587532863 0.8297244543218283 1.0932108942999532 1.1704837674153838 1.4278826776349258
342 3078 -0.2420722116576916 -0.1328602643750537 0.12808638713764237 0.9267520412152312 0.20120498978019713 0.8433131710397924 0.9045631230946859 1.0083825787672387 1.187863836373913 1.4150085105925452
343 3087 -0.2420722116576916 -0.1328602643750537 0.12808638713764237 0.9267520412152312 0.20120498978019713 0.8433131710397924 0.9045631230946859 1.0083825787672387 1.187863836373913 1.4150085105925452
344 3096 -0.2420722116576916 -0.1328602643750537 0.12808638713764237 0.9267520412152312 0.20120498978019713 0.8433131710397924 0.9045631230946859 1.0083825787672387 1.187863836373913 1.4150085105925452
345 3105 -0.2420722116576916 -0.1328602643750537 0.12808638713764237 0.9267520412152312 0.20120498978019713 0.8433131710397924 0.9045631230946859 1.0083825787672387 1.187863836373913 1.4150085105925452
346 3114 -0.2420722116576916 -0.1328602643750537 0.12808638713764237 0.9267520412152312 0.20120498978019713 0.8433131710397924 0.9045631230946859 1.0083825787672387 1.187863836373913 1.4150085105925452
347 3123 -0.2420722116576916 -0.1328602643750537 0.12808638713764237 0.9267520412152312 0.20120498978019713 0.8433131710397924 0.9045631230946859 1.0083825787672387 1.187863836373913 1.4150085105925452
348 3132 -0.23949625497946264 -0.12331228774421836 0.10894833422402225 0.9303552466308747 0.21783770271038838 0.7430082067522173 0.9041401750553696 1.043624519753094 1.2168562680436479 1.4188462807931563
349 3141 -0.23949625497946264 -0.12331228774421836 0.10894833422402225 0.9303552466308747 0.21783770271038838 0.7430082067522173 0.9041401750553696 1.043624519753094 1.2168562680436479 1.4188462807931563
350 3150 -0.23949625497946264 -0.12331228774421836 0.10894833422402225 0.9303552466308747 0.21783770271038838 0.7430082067522173 0.9041401750553696 1.043624519753094 1.2168562680436479 1.4188462807931563
351 3159 -0.23949625497946264 -0.12331228774421836 0.10894833422402225 0.9303552466308747 0.21783770271038838 0.7430082067522173 0.9041401750553696 1.043624519753094 1.2168562680436479 1.4188462807931563
352 3168 -0.23949625497946264 -0.12331228774421836 0.10894833422402225 0.9303552466308747 0.21783770271038838 0.7430082067522173 0.9041401750553696 1.043624519753094 1.2168562680436479 1.4188462807931563
353 3177 -0.23949625497946264 -0.12331228774421836 0.10894833422402225 0.9303552466308747 0.21783770271038838 0.7430082067522173 0.9041401750553696 1.043624519753094 1.2168562680436479 1.4188462807931563
354 3186 -0.16916405499053727 -0.05041876554383215 0.19188267570902165 0.9524269600801295 0.16659816643346112 0.7628085149500529 0.9527863407700768 1.0150547896140552 1.1678794236302614 1.44509094358981
355 3195 -0.16916405499053727 -0.05041876554383215 0.19188267570902165 0.9524269600801295 0.16659816643346112 0.7628085149500529 0.9527863407700768 1.0150547896140552 1.1678794236302614 1.44509094358981
356 3204 -0.16916405499053727 -0.05041876554383215 0.19188267570902165 0.9524269600801295 0.16659816643346112 0.7628085149500529 0.9527863407700768 1.0150547896140552 1.1678794236302614 1.44509094358981
357 3213 -0.16916405499053727 -0.05041876554383215 0.19188267570902165 0.9524269600801295 0.16659816643346112 0.7628085149500529 0.9527863407700768 1.0150547896140552 1.1678794236302614 1.44509094358981
358 3222 -0.16916405499053727 -0.05041876554383215 0.19188267570902165 0.9524269600801295 0.16659816643346112 0.7628085149500529 0.9527863407700768 1.0150547896140552 1.1678794236302614 1.44509094358981
359 3231 -0.16916405499053727 -0.05041876554383215 0.19188267570902165 0.9524269600801295 0.16659816643346112 0.7628085149500529 0.9527863407700768 1.0150547896140552 1.1678794236302614 1.44509094358981
360 3240 -0.24437061532515808 -0.08798946917165308 0.19146337488946016 0.9700241000515448 0.1319035684881898 0.7180038697443517 0.9223353850662953 1.0150711383144697 1.2211483710975917 1.4473412068456735
361 3249 -0.24437061532515808 -0.08798946917165308 0.19146337488946016 0.9700241000515448 0.1319035684881898 0.7180038697443517 0.9223353850662953 1.0150711383144697 1.2211483710975917 1.4473412068456735
362 3258 -0.24437061532515808 -0.08798946917165308 0.19146337488946016 0.9700241000515448 0.1319035684881898 0.7180038697443517 0.9223353850662953 1.0150711383144697 1.2211483710975917 1.4473412068456735
363 3267 -0.24437061532515808 -0.08798946917165308 0.19146337488946016 0.9700241000515448 0.1319035684881898 0.7180038697443517 0.9223353850662953 1.0150711383144697 1.2211483710975917 1.4473412068456735
364 3276 -0.24437061532515808 -0.08798946917165308 0.19146337488946016 0.9700241000515448 0.1319035684881898 0.7180038697443517 0.9223353850662953 1.0150711383144697 1.2211483710975917 1.4473412068456735
365 3285 -0.24437061532515808 -0.08798946917165308 0.19146337488946016 0.9700241000515448 0.1319035684881898 0.7180038697443517 0.9223353850662953 1.0150711383144697 1.2211483710975917 1.4473412068456735
366 3294 -0.3243461820748827 -0.22413583879157534 0.17423217189772583 0.9752233311113196 0.12952453430817693 0.6300474570009673 0.8706409285621237 0.9899451383326962 1.2504572572818653 1.5114937119465373
367 3303 -0.3243461820748827 -0.22413583879157534 0.17423217189772583 0.9752233311113196 0.12952453430817693 0.6300474570009673 0.8706409285621237 0.9899451383326962 1.2504572572818653 1.5114937119465373
368 3312 -0.3243461820748827 -0.22413583879157534 0.17423217189772583 0.9752233311113196 0.12952453430817693 0.6300474570009673 0.8706409285621237 0.9899451383326962 1.2504572572818653 1.5114937119465373
369 3321 -0.3243461820748827 -0.22413583879157534 0.17423217189772583 0.9752233311113196 0.12952453430817693 0.6300474570009673 0.8706409285621237 0.9899451383326962 1.2504572572818653 1.5114937119465373
370 3330 -0.3243461820748827 -0.22413583879157534 0.17423217189772583 0.9752233311113196 0.12952453430817693 0.6300474570009673 0.8706409285621237 0.9899451383326962 1.2504572572818653 1.5114937119465373
371 3339 -0.3243461820748827 -0.22413583879157534 0.17423217189772583 0.9752233311113196 0.12952453430817693 0.6300474570009673 0.8706409285621237 0.9899451383326962 1.2504572572818653 1.5114937119465373
372 3348 -0.498378654316552 -0.2788948246239916 0.1313594911032704 0.9811669342751482 0.10048976774921975 0.6479177763229511 0.7321009676460086 0.937235991422448 1.3310557253698765 1.5440245746802939
