% # columns="iteration, evaluation, sigma, axis ratio, bestever, best, median, worst objective function value, further objective values of best", seed=769447, Thu Nov 23 14:35:31 2023, <python>{}</python>
1 9 0.09893273964473287 1.0000416675347343 44.32470158929923 4.4324701589299231e+01 49.08461517907098 54.34847439788367   
2 18 0.1326884341178449 1.235616230156097 29.828056657868565 2.9828056657868565e+01 43.00996555261759 60.02265360905345   
3 27 0.1727447026542948 1.551818371171425 16.415333951245636 1.6415333951245636e+01 32.81274459173916 48.76988282979945   
4 36 0.22349479823986854 1.659072461542088 13.984461111581332 1.3984461111581332e+01 24.227944911257143 44.405255758551675   
5 45 0.24659352972809329 1.8171762859529064 12.695906566980046 1.2695906566980046e+01 16.063806151326467 28.282595212279077   
6 54 0.29246490771203343 1.813042040980004 5.333618706906617 5.3336187069066172e+00 15.619760136508257 24.296679054160933   
7 63 0.3328240102726892 1.9469753620679202 2.8902856691144585 2.8902856691144585e+00 15.358183326896405 27.642335926418518   
8 72 0.3958848658294521 2.0480843296406337 0.7854085029274458 7.8540850292744580e-01 2.538344795165141 22.173424058416106   
9 81 0.43260316862240406 2.2033554742215267 0.6051192654140995 6.0511926541409955e-01 1.8332321441219388 24.15837063202177   
10 90 0.4448316822930563 2.0006662022321526 0.6051192654140995 7.0712811452412705e-01 0.8229116916108812 8.79653981471403   
11 99 0.49269906962158233 2.076338935158315 0.6051192654140995 7.1039962781864807e-01 0.9793013126471546 22.797443756070944   
12 108 0.448898658526689 2.298534559521037 0.6051192654140995 6.8790278314666764e-01 0.7353140269760976 1.4580048425566565   
13 117 0.37528144578244704 2.393084302929035 0.6051192654140995 6.5332487288819996e-01 0.7891207710911693 1.402515765594763   
14 126 0.35576686430521604 2.577580804194146 0.6051192654140995 6.5580042471591937e-01 0.7822711431120386 1.0771737529174483   
15 135 0.3452323575850314 2.7281034536606428 0.5918612074780841 5.9186120747808413e-01 0.7313665723475514 1.3876245181316715   
16 144 0.3582671241756365 2.6522276433266487 0.5918612074780841 6.3660494978868976e-01 0.7143123406083111 4.458044439313343   
17 153 0.3342751567894077 2.800594736820973 0.5918612074780841 6.1932673900832780e-01 0.7127321476328652 1.22361278044254   
18 162 0.40083968068316805 2.913289841559391 0.5096373780678468 5.0963737806784681e-01 0.616600219621731 2.089875514279608   
19 171 0.46054286716071485 3.4611023050782825 0.21433858828911817 2.1433858828911817e-01 0.6054488687178178 0.8474657063684654   
20 180 0.4548775897331038 3.6446105368693975 0.2073816993564958 2.0738169935649581e-01 1.4084994949197476 20.727533567611758   
21 189 0.46072430665786995 3.5975217907045534 0.2073816993564958 3.8397706226363754e-01 0.6639530759042136 49.15318912232786   
22 198 0.505315877100194 3.537969082968879 0.2073816993564958 3.0167611839860464e-01 0.5280779100916289 11.61722841045019   
23 207 0.5610825593145008 3.650865940408932 0.11565049171196605 1.1565049171196605e-01 0.5261507593980479 3.5452504124742705   
24 216 0.6366451674113096 3.7123154050625367 0.09264434025456522 9.2644340254565222e-02 0.6830885803903273 45.01682904779816   
25 225 0.584982189223014 3.7420442955597983 0.09264434025456522 5.5671571197861303e-01 0.8586217366598937 27.69915990289923   
26 234 0.5510974189546164 3.5796492059308433 0.09264434025456522 2.7610306051655803e-01 0.6728171219549954 1.044095292817699   
27 243 0.522202557927915 3.503974538201581 0.09264434025456522 1.7835359201854573e-01 0.5650084736531843 24.094684149258015   
28 252 0.5205439258832075 3.559323498813263 0.09264434025456522 1.2499804385965424e-01 1.6250318128761654 12.374091430326025   
29 261 0.44066820988787997 3.8450938918327338 0.09264434025456522 1.9509799073786685e-01 0.5221792630911133 8.698544271425732   
30 270 0.45689377767099953 3.9724027879770545 0.09264434025456522 2.6544445380595910e-01 0.5443953412430581 5.604194674115249   
31 279 0.400956258798931 4.161556948290049 0.09264434025456522 1.6782885675570824e-01 0.37231108213047387 5.457312812674896   
32 288 0.3798846782387792 4.37007258478494 0.09264434025456522 2.1580194455838148e-01 0.4053112469293443 16.301164318456223   
33 297 0.30716839316984057 4.819970404270408 0.09264434025456522 1.3562581355725462e-01 0.42935977160591593 2.757357773780674   
34 306 0.297089135022025 5.318981049746792 0.09264434025456522 1.5491818095094625e-01 0.20071788827007342 0.4127367116921238   
35 315 0.30468715768558213 5.473939538172561 0.0872102251038743 8.7210225103874300e-02 0.23419705827739348 2.387115313547471   
36 324 0.31797521804271833 5.693177851649035 0.0872102251038743 8.8430126657300295e-02 0.17344802148850147 0.37750348581862614   
37 333 0.2879186895379915 6.358732077785377 0.0872102251038743 1.1106811585729090e-01 0.2453417502793807 0.8854416981117824   
38 342 0.25545867216749213 6.817129038164496 0.0872102251038743 9.1599944023256788e-02 0.1393968875417107 0.47925762291255636   
39 351 0.2145421773400294 6.90669784322721 0.0872102251038743 1.0629280423916168e-01 0.2139400344618487 0.31981253465098425   
40 360 0.19336669323752292 7.461416681696167 0.0872102251038743 1.0046730078558669e-01 0.11612475554708149 0.33993041571945526   
41 369 0.19272138719886375 8.209771411980654 0.0872102251038743 9.0490550159766425e-02 0.10445308881069384 0.26233366572954764   
42 378 0.1619539280499046 8.62429159021898 0.0872102251038743 9.0538565366754295e-02 0.16481591841979468 1.5201373813553947   
43 387 0.14071587968508237 9.13613524776824 0.0872102251038743 8.9805058299074175e-02 0.12546844495785855 2.158013129160691   
44 396 0.13200876178527376 9.392351288704361 0.0872102251038743 9.2631441568172004e-02 0.13429160074918373 3.4813643286271936   
45 405 0.11125863568277015 9.553781953711571 0.0872102251038743 8.8811766474584899e-02 0.10226944518738114 2.918612568164597   
46 414 0.10364835751191359 9.824125067218993 0.0872102251038743 8.8404319112974153e-02 0.09836443910394788 2.3089363701618515   
47 423 0.09771693056006736 9.686761327260164 0.08469227167336867 8.4692271673368666e-02 0.09281071592519513 0.11131216236110658   
48 432 0.1152684193810126 10.295405314893202 0.08245105857643471 8.2451058576434713e-02 0.08993185669543097 0.09781964411818286   
49 441 0.13766691914181145 10.29136479436879 0.08093282281630906 8.0932822816309063e-02 0.0946674664305334 2.5500617749110526   
50 450 0.13257880387470874 10.700461716456541 0.08093282281630906 8.7568078877438366e-02 0.09042192623705414 2.4900878666622064   
51 459 0.12860941542453452 11.089550336379354 0.08093282281630906 8.5691394166679341e-02 2.12520351507016 3.7489067865732544   
52 468 0.11097341889759754 11.986840279105444 0.08093282281630906 8.3139097529253581e-02 0.09646252662399098 1.3343407916702923   
53 477 0.10803803447459559 13.325533311558905 0.08093282281630906 8.2897684545548467e-02 0.08886403581197651 3.55786610981481   
54 486 0.10943343405434722 15.670356233011878 0.07785275594236322 7.7852755942363225e-02 0.08484333033162372 2.6135914004303116   
55 495 0.1215172372447821 16.284641957087373 0.07326829764192871 7.3268297641928715e-02 0.0808879860454451 0.08817190268333838   
56 504 0.15729767667210634 18.447107586731143 0.06425410697985778 6.4254106979857784e-02 0.07668975547609243 3.5711345577953546   
57 513 0.18484004375631338 23.45471757473175 0.06425410697985778 6.9445428793071640e-02 0.08053421780740735 0.09643460704215073   
58 522 0.18698902842326956 25.317167045534923 0.06425410697985778 7.0924484023383749e-02 0.08010184017750799 2.738067325517756   
59 531 0.1882850116597886 25.48100318527864 0.06425410697985778 6.8453913021606499e-02 0.06986353431958688 2.0835387863705375   
60 540 0.19200783988889514 27.19601119018814 0.061878478858957954 6.1878478858957954e-02 0.07011538803023377 1.484335643672972   
61 549 0.20029237289233384 28.557113374879624 0.057281412205979265 5.7281412205979265e-02 0.07823627555405581 1.2353429423634406   
62 558 0.1869222153070778 32.72802972344807 0.0556307729987137 5.5630772998713697e-02 0.06725322327532698 0.08262605217446585   
63 567 0.17455135176695769 34.32296720990584 0.0556307729987137 5.7189759150241097e-02 0.06333068303116435 0.09645028315559939   
64 576 0.1710288358619519 34.49433557560297 0.05038840898304798 5.0388408983047979e-02 0.0657111965844507 0.09395099738265975   
65 585 0.16933931480077946 39.045221705447375 0.05038840898304798 5.0820410445922608e-02 0.0573581700996129 0.07159286490074744   
66 594 0.1704123672523613 42.44367491172869 0.05038840898304798 5.4035899008677099e-02 0.06849797258439412 0.10461090217607598   
67 603 0.15599287248399601 47.97325132907654 0.05038840898304798 5.2683711763699029e-02 0.058998956512307896 0.15028027352601755   
68 612 0.14986762677047416 44.3388762417595 0.048750065440694546 4.8750065440694546e-02 0.060535512359122745 0.10865132766818636   
69 621 0.15150474545699694 41.4655459382542 0.04699515107746914 4.6995151077469141e-02 0.05806903685497569 0.07047261327572851   
70 630 0.14055160157814467 40.33098593583101 0.04699515107746914 4.8768344404576426e-02 0.05052904770190923 0.06241097585635889   
71 639 0.1368808979461171 42.53713803929821 0.04699515107746914 4.9305530401231965e-02 0.052979154361128225 0.08623211988899451   
72 648 0.11622901384973684 41.73131258446983 0.04699515107746914 4.7928641940545719e-02 0.0516943034694287 0.05821993877882793   
73 657 0.1075343393255182 40.93607250878121 0.04699515107746914 4.9857427649580545e-02 0.050528327957543764 0.05527518114822277   
74 666 0.10712731677722824 38.987319857549906 0.04699515107746914 4.8393358274953696e-02 0.051696427198643674 0.05456408584194958   
75 675 0.1013854815834911 37.687055876590385 0.04699515107746914 4.7379181352636024e-02 0.04859956176339186 0.053935398523912284   
76 684 0.09934661514183943 39.39101048272361 0.04699515107746914 4.7158322928795141e-02 0.04877835607331225 0.05344889846403028   
77 693 0.10704058456936803 36.83359050398562 0.04607341453380261 4.6073414533802613e-02 0.04839778788839748 0.050565277963699834   
78 702 0.12211355918160066 35.830841291518446 0.045548856896181315 4.5548856896181315e-02 0.04914178650194036 0.054525147845632185   
79 711 0.13694698555504986 29.416534648424502 0.04498095480107543 4.4980954801075432e-02 0.04729399323927188 0.05179039677487436   
80 720 0.13619429640781663 27.419729680356536 0.04498095480107543 4.5312913367877544e-02 0.04972575769699107 0.07062504621298589   
81 729 0.13698862081367089 28.201892393415278 0.04498095480107543 4.5441397628747222e-02 0.047974664746815235 0.052515026690872664   
82 738 0.12639399985567767 29.314059919198158 0.04498095480107543 4.5197310639433018e-02 0.051637295016916974 0.06106037704790156   
83 747 0.1211297657573386 26.500248440540982 0.04498095480107543 4.5254372943475098e-02 0.04629740885206776 0.0507979837385387   
84 756 0.1074800380678468 25.10521436618592 0.04498095480107543 4.5094119450801919e-02 0.04668217966316241 0.05574757318649125   
85 765 0.09404874924228035 23.719209120444443 0.04498095480107543 4.5420073823522450e-02 0.047380336777858745 0.056693701353197644   
86 774 0.0786731538468676 24.36017151323232 0.044907542265499506 4.4907542265499506e-02 0.04611727302107177 0.04712847620208061   
87 783 0.07578241302423724 25.088268434817326 0.044907542265499506 4.5010180234002099e-02 0.0451841423586742 0.046053154804081925   
88 792 0.06978947202536535 24.967892822915363 0.044907542265499506 4.4943858586613261e-02 0.045810104623627765 0.04799381377318712   
89 801 0.06482997032666674 27.374522034161853 0.04461013387008281 4.4610133870082808e-02 0.04520146540358699 0.046055210724555026   
90 810 0.061049531040647136 27.683546112812948 0.04436743681740745 4.4367436817407450e-02 0.044851404273228895 0.04601307641444587   
91 819 0.05167611084723833 27.33506156609855 0.04436743681740745 4.4557620678935470e-02 0.04492358844823801 0.04715746019029011   
92 828 0.056661015193923504 28.720034377786753 0.04431749210688582 4.4317492106885820e-02 0.04470978570266514 0.04501430378841603   
93 837 0.05462866749465476 28.632343242370982 0.044310460996350096 4.4310460996350096e-02 0.04452631795275642 0.045057379999775285   
94 846 0.05739677294098904 29.62192773087433 0.04421971957411901 4.4219719574119007e-02 0.044534519533308226 0.04536822768671071   
95 855 0.06263371580264529 29.7247460342821 0.04397967514328311 4.3979675143283110e-02 0.04452352033137397 0.044794109465718726   
96 864 0.058668603220374274 33.79723418840151 0.04397967514328311 4.4016254663468701e-02 0.044152502906555056 0.044463955719934195   
97 873 0.06302363608999652 34.563014151978436 0.04395994014889679 4.3959940148896787e-02 0.04430706128982958 0.04485034928735799   
98 882 0.06967327576433018 37.492858860340725 0.04395994014889679 4.3966828509923526e-02 0.044243665180637735 0.044816822594632814   
99 891 0.08248891963881338 40.1635802145928 0.04385447309478981 4.3854473094789813e-02 0.04445525711692178 0.04488181492019186   
100 900 0.08569872496070975 41.106058821288784 0.04341120069232545 4.3411200692325451e-02 0.04415148794470457 0.04761619592691646   
101 909 0.08182860876032219 42.026027746209365 0.04341120069232545 4.3474756868941117e-02 0.043782984827165805 0.044930066415355636   
102 918 0.0989253096807566 44.39355151991913 0.04341120069232545 4.3566135566982411e-02 0.04385983110034995 0.04538571858915237   
103 927 0.1027082931901073 48.002956440564546 0.04341120069232545 4.3465148607178539e-02 0.043873481549329255 0.046536288337542434   
104 936 0.09233495426992626 52.83481607567209 0.043225082859696076 4.3225082859696076e-02 0.04398583142079135 0.04484939029944968   
105 945 0.0847231367883323 53.35162867776888 0.043181313285613025 4.3181313285613025e-02 0.043611134148098196 0.044681204867502426   
106 954 0.08902199288794449 54.10734350660949 0.04289281389455424 4.2892813894554238e-02 0.043322670168221264 0.04442628526522573   
107 963 0.08283171585971849 48.6543354504386 0.04289281389455424 4.2964281804483348e-02 0.04353582322493038 0.04412990834313966   
108 972 0.0832374635588948 49.609072865471305 0.04289281389455424 4.3094517111154987e-02 0.04330217634151965 0.04360373417869376   
109 981 0.07980427897530816 54.98626957249756 0.042792118262084226 4.2792118262084226e-02 0.043233720691693 0.04335570244860458   
110 990 0.07719174889136211 56.27096735011968 0.0427122032224421 4.2712203222442097e-02 0.04323915911669898 0.04351501180043561   
111 999 0.07892701191763069 51.92577875533677 0.042696839897655076 4.2696839897655076e-02 0.042955502090443506 0.04424574451419477   
112 1008 0.08657530505935958 50.66400622397926 0.042696839897655076 4.2713584408794782e-02 0.04287025793468373 0.043256036527887655   
113 1017 0.07503110322943995 53.02182792324443 0.042696839897655076 4.2746003462313317e-02 0.04291984086889221 0.04381013806298295   
114 1026 0.06607940079569634 52.55294952014914 0.04266076428163251 4.2660764281632513e-02 0.04293414055855374 0.04369420992507117   
115 1035 0.06316121590699839 56.57421586143799 0.04259851508379521 4.2598515083795210e-02 0.042668115878454066 0.04297578044933348   
116 1044 0.06517726358361683 52.941215867626816 0.042584832966394696 4.2584832966394696e-02 0.04265833668740503 0.043054768354419154   
117 1053 0.06147383819072174 57.51650174608031 0.042551234601971674 4.2551234601971674e-02 0.04268095733799222 0.043034518642723764   
118 1062 0.05811321971312348 54.70306135404243 0.042551234601971674 4.2586347891011553e-02 0.042651121767055364 0.042816003161049686   
119 1071 0.052073532084434514 53.91837537925601 0.042540854449537924 4.2540854449537924e-02 0.042573573268487715 0.0427587784968574   
120 1080 0.04746765538121174 58.94046694287952 0.042517151849747845 4.2517151849747845e-02 0.042606175615458194 0.042743261076264714   
121 1089 0.048922538079187325 60.807661804075295 0.042517151849747845 4.2540892115848515e-02 0.042599975586459705 0.04273716568260914   
122 1098 0.04882394950035083 72.24394033686684 0.04248223962927209 4.2482239629272091e-02 0.04251803326700487 0.042857147362494796   
123 1107 0.05204117087634136 74.75558533339837 0.04241871296905368 4.2418712969053682e-02 0.04252472849846229 0.042582440327806725   
124 1116 0.05459092148480966 69.60880608075522 0.04241871296905368 4.2424059511885499e-02 0.04248777520644557 0.04256463023003974   
125 1125 0.051830745807623875 68.70629845282636 0.042397606518447845 4.2397606518447845e-02 0.04246680005601563 0.04264845502149412   
126 1134 0.04718027456028003 68.61692825785761 0.042397606518447845 4.2406610364350825e-02 0.04246882354764766 0.042573876948297965   
127 1143 0.049777180413355035 71.22439846730464 0.042392437243120557 4.2392437243120557e-02 0.042413696226002995 0.042493742471286455   
128 1152 0.0595499766993006 66.76143859311937 0.04235161188616062 4.2351611886160621e-02 0.042393224893517795 0.04244108077474668   
129 1161 0.06810822206459816 68.05127717882372 0.04230092479742745 4.2300924797427447e-02 0.042360627011026206 0.04244155851980605   
130 1170 0.07411576466084926 62.84952245368805 0.04230092479742745 4.2351458001407084e-02 0.04240403843659951 0.042516128366002465   
131 1179 0.06848904115289514 62.046917459682284 0.04230092479742745 4.2382906705787780e-02 0.04246078688724879 0.042780299585020186   
132 1188 0.06546449768722783 64.4825778950873 0.04230092479742745 4.2355944628523483e-02 0.04242330672396028 0.04267578490049238   
133 1197 0.06360637002288042 64.79419307507241 0.04230092479742745 4.2308170027747519e-02 0.04241032622011577 0.04245520908775684   
134 1206 0.05662083719512913 59.37470791655418 0.04230092479742745 4.2323791291966249e-02 0.04239395161140096 0.042482465228021946   
135 1215 0.051303652383938914 59.93072921577844 0.04230092479742745 4.2318897047542312e-02 0.042377226303675096 0.042571894675615264   
136 1224 0.04599864208203919 60.13441525826019 0.04230092479742745 4.2304409079980551e-02 0.04234564223179593 0.04247924256786159   
137 1233 0.0515437323884587 62.44437693839174 0.04228510695669095 4.2285106956690952e-02 0.04233630877171952 0.04238235879105054   
138 1242 0.05804600178450868 65.26253006294795 0.04226806489145024 4.2268064891450241e-02 0.04232044996242401 0.04236996005653246   
139 1251 0.05354777726996763 64.53127711882574 0.04226393542864637 4.2263935428646371e-02 0.042330371900608336 0.04243558380453365   
140 1260 0.06366544974714404 65.76035605788871 0.04225484383557028 4.2254843835570280e-02 0.0422863681520037 0.042311840269815125   
141 1269 0.06821704125524122 63.385772698960615 0.04224604225847958 4.2246042258479582e-02 0.042274253889158286 0.042307152693486574   
142 1278 0.06845769193258229 64.39396626311772 0.04224604225847958 4.2250520032267827e-02 0.0422992178611686 0.042684698336109134   
143 1287 0.08217843775781822 67.85207974969408 0.042232259022162176 4.2232259022162176e-02 0.042280723861913685 0.04239949045332096   
144 1296 0.08618044672313631 71.47965470608172 0.042232259022162176 4.2239740898329395e-02 0.042305508265859146 0.04274359614071797   
145 1305 0.08165080472320013 70.7955780943546 0.042228725528188155 4.2228725528188155e-02 0.04238138843047912 0.042559279243671734   
146 1314 0.07610694769099025 69.44276989486298 0.042215993343519005 4.2215993343519005e-02 0.0422916855387198 0.042499386726786444   
147 1323 0.0644349859542028 67.96106015647725 0.042212787508160245 4.2212787508160245e-02 0.04225690664237238 0.042341268862613246   
148 1332 0.05619461874788634 72.97462445166819 0.042207050950739886 4.2207050950739886e-02 0.04227467610418636 0.04236989586665066   
149 1341 0.05736157210541998 81.50365173263017 0.042201386016365486 4.2201386016365486e-02 0.0422353042028394 0.04227601180084187   
150 1350 0.058624999965390064 81.9008258302821 0.042201386016365486 4.2218609733970791e-02 0.042233032829274375 0.042314698739883846   
151 1359 0.04816812655526299 91.1309432942676 0.042201386016365486 4.2211037649544814e-02 0.04224141922671529 0.04234228412370108   
152 1368 0.04391543368651101 93.57026070209974 0.04220124206514689 4.2201242065146888e-02 0.042221522244579916 0.04225447273411222   
153 1377 0.04214306336500219 94.42738458497938 0.04220124206514689 4.2206801433919014e-02 0.0422173282834637 0.04224228164792678   
154 1386 0.037222723368896336 97.55663353228647 0.04219623161772884 4.2196231617728841e-02 0.04220998328084325 0.0422192117102773   
155 1395 0.03556688148325626 95.38349629818788 0.04219623161772884 4.2196705532295528e-02 0.042206335456834845 0.042224549277448266   
156 1404 0.03176198385106717 93.80238443068376 0.04219623161772884 4.2197599473034988e-02 0.04220189276547216 0.0422073522237504   
157 1413 0.028043071319880236 91.95932331228506 0.04219623161772884 4.2197031735664782e-02 0.04220105438597046 0.04221473655862536   
158 1422 0.02615362637250663 95.92084467534455 0.04219623161772884 4.2196743322919165e-02 0.04220221368544394 0.04221115005684742   
159 1431 0.022787506226710084 91.31731157032338 0.04219623161772884 4.2197297701006560e-02 0.042201823568197724 0.042211319097293185   
160 1440 0.018713407336934548 94.81660203752214 0.042195223001262105 4.2195223001262105e-02 0.042200530310513476 0.04220634658693548   
161 1449 0.01744227684838715 100.50724970436183 0.042194625907346336 4.2194625907346336e-02 0.042195486674791616 0.042202472707838   
162 1458 0.017928930984239883 99.99736438623118 0.04219306283834194 4.2193062838341941e-02 0.04219429541970462 0.04220068711151539   
163 1467 0.019003702006919723 109.35256509053445 0.04219306283834194 4.2193108601367817e-02 0.04219427503637318 0.04219724656748128   
164 1476 0.01793337640458175 111.92589166835053 0.042192954485623616 4.2192954485623616e-02 0.04219412145910312 0.0421987450693078   
165 1485 0.016975144567966168 109.87052922701956 0.042192954485623616 4.2193251233516596e-02 0.04219412189029341 0.04219660849645801   
166 1494 0.015463630945160902 113.96586812045072 0.042192954485623616 4.2193034275441375e-02 0.04219375741892247 0.04219657467948728   
167 1503 0.01461671445498682 128.98171914454133 0.04219258573555838 4.2192585735558383e-02 0.04219365776045781 0.04219560295812561   
168 1512 0.014841165514450834 140.41185574075283 0.04219258573555838 4.2192603482051422e-02 0.04219323308722452 0.04219376093446409   
169 1521 0.01493158723555556 150.13932566791064 0.04219258573555838 4.2192629239485864e-02 0.04219327727136485 0.04219392948147656   
170 1530 0.012651680706924929 147.756987568138 0.04219255687939234 4.2192556879392343e-02 0.042193096551828804 0.042193529017369794   
171 1539 0.011080309353282409 145.13841002489178 0.04219255687939234 4.2192646058531694e-02 0.042192882318195776 0.04219357394803605   
172 1548 0.009033195404089586 138.23646034226678 0.0421924817108724 4.2192481710872400e-02 0.042192670657051394 0.04219322549035863   
173 1557 0.00778219268249727 148.10632123030248 0.0421924817108724 4.2192487760189114e-02 0.042192594100477855 0.042193278737591364   
174 1566 0.008187447272497055 138.36753122375606 0.04219245224497887 4.2192452244978869e-02 0.0421925700062817 0.04219266431623033   
175 1575 0.00981834713908701 150.79367255251591 0.042192392333195584 4.2192392333195584e-02 0.04219255060415161 0.04219283068715485   
176 1584 0.010110103380983561 192.2070313130282 0.042192392333195584 4.2192530559146478e-02 0.042192665190478686 0.04219286768547373   
177 1593 0.009696791022039094 214.6569763618087 0.042192392333195584 4.2192408942693674e-02 0.04219264054536542 0.042193053446989974   
178 1602 0.00960214637948421 232.7757048667398 0.04219232755453714 4.2192327554537140e-02 0.04219268010877088 0.04219300628868704   
179 1611 0.008828781459857504 228.66374182056128 0.04219232755453714 4.2192415069699257e-02 0.04219253071066467 0.04219290680297676   
180 1620 0.008433761268805242 224.96613901072018 0.04219230106851929 4.2192301068519289e-02 0.04219250667264944 0.04219274873520153   
181 1629 0.009184335605658152 222.2319953391208 0.04219220004580417 4.2192200045804172e-02 0.04219241946969027 0.04219252558586272   
182 1638 0.009055458047229067 268.6953345501117 0.04219220004580417 4.2192226797126281e-02 0.042192399909356255 0.04219251738522382   
183 1647 0.00990849018450003 276.257474131697 0.04219220004580417 4.2192266681537784e-02 0.04219240417077438 0.042192687588318636   
184 1656 0.01064729977057848 266.40483937240845 0.042192167939379854 4.2192167939379854e-02 0.042192256699807945 0.04219262534462223   
185 1665 0.01129327522377431 294.5989049754246 0.04219208045435541 4.2192080454355407e-02 0.04219227429448885 0.042192476759290644   
186 1674 0.012149799471913823 311.76948128216253 0.04219203072591105 4.2192030725911052e-02 0.042192364278976636 0.042192597367907134   
187 1683 0.011997521011444441 345.9577939787734 0.042191990898836004 4.2191990898836004e-02 0.042192184667165095 0.04219263370042506   
188 1692 0.012854042759486725 358.9314921486419 0.042191931860445224 4.2191931860445224e-02 0.04219207839077053 0.04219255018783118   
189 1701 0.012126629157765368 418.9121408184971 0.04219190209822746 4.2191902098227457e-02 0.042192253102000046 0.04219240709740775   
190 1710 0.01122235848910355 414.21852951822405 0.04219190209822746 4.2191916657342496e-02 0.04219204342007819 0.04219225330962804   
191 1719 0.0113555207925325 441.21308361704655 0.04219175021094044 4.2191750210940439e-02 0.04219203864952545 0.04219235239174775   
192 1728 0.013195592992636056 494.6957868853404 0.04219170256427629 4.2191702564276290e-02 0.042191948022305484 0.04219219038575345   
193 1737 0.015485464373685856 542.951903985911 0.04219170086916762 4.2191700869167618e-02 0.04219193109171011 0.042192251186244055   
194 1746 0.01945042266234561 647.9798404891691 0.04219138391074998 4.2191383910749981e-02 0.04219186777973172 0.0421921376940463   
195 1755 0.021941378550707998 661.6414068172421 0.04219138391074998 4.2191430035650318e-02 0.04219176834382952 0.04219204230972288   
196 1764 0.023072014542708488 680.0948574261978 0.04219133993674868 4.2191339936748680e-02 0.04219168921925292 0.04219232493518358   
197 1773 0.02451824590310065 688.2898836472402 0.04219133993674868 4.2191387420228939e-02 0.042191946834422345 0.04219240749839938   
198 1782 0.025100635671370643 679.8096027096046 0.042191255430407956 4.2191255430407956e-02 0.04219167153948564 0.04219296905265707   
199 1791 0.02661493564151107 742.2131234292659 0.042191255430407956 4.2191371576689091e-02 0.042192047927466794 0.04219255559046832   
200 1800 0.026040511133920533 770.1889121444401 0.042191255430407956 4.2191455020241582e-02 0.042191906790881695 0.04219290716990858   
201 1809 0.023782834538011277 786.1936790420935 0.042191255430407956 4.2191376788189128e-02 0.042191757875988174 0.042192119185543386   
202 1818 0.025349764292751115 766.1020202944192 0.04219104895405499 4.2191048954054990e-02 0.042191626269471136 0.04219219619621817   
203 1827 0.023964900636134438 865.452513102435 0.04219100954597294 4.2191009545972942e-02 0.04219137128526463 0.0421919653148282   
204 1836 0.023113408191523882 869.6590528948229 0.04219100954597294 4.2191128032759942e-02 0.042191332552993094 0.04219193466872116   
205 1845 0.023773030379487286 867.6659852106376 0.042190784009062586 4.2190784009062586e-02 0.04219106025666959 0.04219170774911653   
206 1854 0.02271118567532246 907.0250519659288 0.04219077575067919 4.2190775750679192e-02 0.042191127240853735 0.04219152957619998   
207 1863 0.020176990758820342 888.179353488063 0.04219067671056732 4.2190676710567317e-02 0.04219121880213312 0.04219176966378785   
208 1872 0.01884203590323701 883.6667945675932 0.04219067671056732 4.2190800552249733e-02 0.04219086521827177 0.04219101419266072   
209 1881 0.017463358765726796 888.5285775964583 0.04219067296080633 4.2190672960806329e-02 0.04219096079528251 0.04219121743557116   
210 1890 0.01699577507697627 848.1453985430728 0.04219059899106595 4.2190598991065947e-02 0.04219067717591513 0.042191134904236975   
211 1899 0.016168327289636006 906.4389738269938 0.04219059385932291 4.2190593859322910e-02 0.042190843836339406 0.04219111383079682   
212 1908 0.017439367536744403 960.4372021996331 0.042190508346632016 4.2190508346632016e-02 0.0421906851708809 0.04219088448743142   
213 1917 0.021225535311407768 1038.3366568582396 0.04219032904891025 4.2190329048910249e-02 0.04219051074512539 0.042191153550653164   
214 1926 0.02365620316881173 1048.5209945337224 0.04219029472014685 4.2190294720146848e-02 0.04219062158425572 0.042190851720291585   
215 1935 0.020458457937015225 1002.547602296967 0.04219029472014685 4.2190430624402510e-02 0.04219071751885345 0.04219090202594564   
216 1944 0.018717285819566238 1020.8149174448514 0.04219029472014685 4.2190379050976522e-02 0.0421905995607488 0.04219065368550283   
217 1953 0.0197733658150168 1006.1260187366803 0.04219024622621105 4.2190246226211051e-02 0.04219057750350817 0.04219120189030421   
218 1962 0.024549191229728425 1037.8198623493277 0.042190174113573765 4.2190174113573765e-02 0.04219030355317325 0.04219055260435239   
219 1971 0.029780235226259662 1082.1579135963907 0.042190041990473465 4.2190041990473465e-02 0.04219027192797427 0.04219078841077538   
220 1980 0.034193166314368965 1170.8899720587574 0.042190041990473465 4.2190059081963847e-02 0.042190458066824185 0.04219112939896742   
221 1989 0.03928771408732484 1356.8602823602619 0.042189865864258304 4.2189865864258304e-02 0.042190677866836536 0.04219269840844883   
222 1998 0.04150759382936928 1456.7195664553012 0.04218975415250321 4.2189754152503207e-02 0.04219083115081609 0.04219223609871043   
223 2007 0.03890620046441702 1464.6948387232198 0.04218975415250321 4.2190338251838017e-02 0.0421906261451472 0.04219251359327809   
224 2016 0.034642824401725204 1384.39399277128 0.04218975415250321 4.2190172458364275e-02 0.04219044291150536 0.042190815762964684   
225 2025 0.031502096244966665 1391.6886504042334 0.04218975415250321 4.2189845511435509e-02 0.04219044264022977 0.042190708448202455   
226 2034 0.03329970701498735 1376.6427497037012 0.042189700874232836 4.2189700874232836e-02 0.042189916130749704 0.04219053071846051   
227 2043 0.030985844345471605 1285.874863818409 0.042189700874232836 4.2189873170779615e-02 0.04219005909052601 0.04219043355679482   
228 2052 0.025335629334461967 1341.2811399238417 0.042189700874232836 4.2189754445179597e-02 0.04219000609195851 0.04219019846494767   
229 2061 0.02180586920861274 1419.324939715377 0.042189700874232836 4.2189763931809017e-02 0.04218988048858095 0.04219013820647669   
230 2070 0.023928731981922795 1328.8813764678077 0.04218961549892172 4.2189615498921723e-02 0.04218980963658456 0.04218994733003196   
231 2079 0.029780538292517037 1390.1802386674856 0.04218961549892172 4.2189652730737902e-02 0.04218968935302464 0.04218984741716313   
232 2088 0.03766586567381272 1383.1346040858587 0.042189523551046014 4.2189523551046014e-02 0.042189791527450574 0.04219004912407845   
233 2097 0.04024440109293923 1428.5065760503796 0.042189523551046014 4.2189647854830634e-02 0.04218996959295307 0.042190396597865554   
234 2106 0.03487414775482348 1407.3371869225023 0.042189523551046014 4.2189662577583248e-02 0.042190098440049825 0.04219100886535239   
235 2115 0.03232435690815129 1442.7785144837653 0.042189523551046014 4.2189527970287521e-02 0.042189807550760086 0.04218997398703803   
236 2124 0.031518863417578265 1462.1084899875066 0.04218945594432621 4.2189455944326208e-02 0.04218966112209859 0.04218987290672161   
237 2133 0.030195728820881864 1536.4147437212687 0.04218945594432621 4.2189537907367673e-02 0.04218965551896052 0.0421900089798338   
238 2142 0.03255670548780851 1570.6797782613364 0.04218945594432621 4.2189468275990467e-02 0.04218968581897143 0.042189849744178456   
239 2151 0.033544548577229064 1552.2014512627811 0.04218933814718007 4.2189338147180067e-02 0.04218949109738514 0.04218979233395869   
240 2160 0.03553189272749942 1498.9612396308912 0.04218933814718007 4.2189360473732868e-02 0.04218951534331626 0.04218990797017008   
241 2169 0.03621325801714447 1721.420280696684 0.04218925326234685 4.2189253262346849e-02 0.04218956149912626 0.04219058447692249   
242 2178 0.035467717611217066 1766.9841248076043 0.04218925326234685 4.2189262439717899e-02 0.04218949550767793 0.042189866113274514   
243 2187 0.03639152974942377 1849.192394490174 0.04218917344753852 4.2189173447538517e-02 0.042189390561731 0.04218988391027351   
244 2196 0.03417716811496683 1975.076341807261 0.04218917344753852 4.2189187780890175e-02 0.04218938140499327 0.042189885738672245   
245 2205 0.02904275791513616 1921.443587073455 0.04218917344753852 4.2189235380360013e-02 0.04218937943174986 0.042189669872721824   
246 2214 0.029548256977599538 1955.2992947113976 0.04218915884670605 4.2189158846706050e-02 0.04218926552187207 0.042189380578676015   
247 2223 0.03026917285278656 1986.9211033996166 0.042189102359961136 4.2189102359961136e-02 0.0421892428612562 0.04218959512857768   
248 2232 0.026246638894473137 2091.4669188483617 0.042189102359961136 4.2189136999048561e-02 0.04218915744999387 0.04218930864083401   
249 2241 0.02468778317864465 2075.694259036068 0.042189102359961136 4.2189119739365920e-02 0.04218915140734714 0.042189287787801136   
250 2250 0.025334298749976673 2171.4201251000195 0.042189076311731515 4.2189076311731515e-02 0.042189181066114065 0.04218932749260682   
251 2259 0.02369814772846093 2302.82156369099 0.042189076311731515 4.2189091505108252e-02 0.04218920552287767 0.04218945701720958   
252 2268 0.023836499867484717 2313.6567552970796 0.04218903705791319 4.2189037057913187e-02 0.042189088432229335 0.042189288706430676   
253 2277 0.027267837642205056 2566.775574321569 0.04218900796083269 4.2189007960832692e-02 0.042189052218321685 0.042189145571529474   
254 2286 0.03161330875291067 2840.677448067104 0.0421889916373334 4.2188991637333403e-02 0.042189023208200824 0.042189138520725346   
255 2295 0.03014880161865061 3186.0519885651256 0.042188985166574586 4.2188985166574586e-02 0.042189116838118226 0.04218919031271686   
256 2304 0.029706543566456526 3381.415134935612 0.042188985166574586 4.2188996515017257e-02 0.04218903971681207 0.042189140657555003   
257 2313 0.028284773355441745 3826.62193784823 0.042188948902923476 4.2188948902923476e-02 0.04218904564861798 0.0421891249388127   
258 2322 0.028767095515666277 4077.6050980020486 0.04218891751964727 4.2188917519647269e-02 0.04218900290631546 0.0421891351967814   
259 2331 0.03341439720314356 4208.818054969746 0.042188876504486626 4.2188876504486626e-02 0.04218897354984965 0.042189121917223495   
260 2340 0.03530537422835409 4535.228161949509 0.04218887207149277 4.2188872071492772e-02 0.042188970617968544 0.042189106212310715   
261 2349 0.0370505210543868 4468.634573521938 0.04218887207149277 4.2188883602128427e-02 0.04218892758890351 0.0421890932377757   
262 2358 0.041923428211384096 4432.688112020728 0.04218886195508199 4.2188861955081987e-02 0.042188909558009 0.042189008230878906   
263 2367 0.04726495589545951 5128.9875913247515 0.042188845126928345 4.2188845126928345e-02 0.042188947705529695 0.04218911983518065   
264 2376 0.04242450540189498 5532.070203593852 0.042188844946015935 4.2188844946015935e-02 0.042188981418642274 0.04218912866009092   
265 2385 0.039512272766277716 5630.75992235256 0.04218883744454574 4.2188837444545740e-02 0.042188899605923695 0.04218925819553123   
266 2394 0.03818429022830861 5127.5775924463405 0.042188823904837885 4.2188823904837885e-02 0.04218890704717229 0.04218902593698004   
267 2403 0.034471174037212816 5403.227991857103 0.042188823904837885 4.2188834647257610e-02 0.04218885963019739 0.0421889569966646   
268 2412 0.03225584255244294 5664.722362655483 0.042188823904837885 4.2188825624786763e-02 0.042188864533597104 0.042189117344315755   
269 2421 0.02961315490592315 6223.731118302057 0.04218879635124642 4.2188796351246421e-02 0.04218885945323456 0.04218893878829035   
270 2430 0.025733167994095276 6082.470392511782 0.04218879635124642 4.2188800681050138e-02 0.04218882780554598 0.04218886938990587   
271 2439 0.02412076293908852 6148.573091452693 0.04218879635124642 4.2188800013707381e-02 0.04218882181103889 0.04218885077201596   
272 2448 0.020932542075383958 6164.32245498464 0.04218879491775545 4.2188794917755450e-02 0.04218882973814457 0.042188856012899976   
273 2457 0.021361958824170548 6389.536796780862 0.04218879491775545 4.2188800086418489e-02 0.042188809957873975 0.04218883898034453   
274 2466 0.02085848840383366 6794.0521964701975 0.04218879491775545 4.2188796581374491e-02 0.04218881095966687 0.04218882787040485   
275 2475 0.018156453893747225 6094.169004001191 0.04218879491775545 4.2188796048269556e-02 0.04218881361833787 0.04218885936228796   
276 2484 0.017858225696386267 6223.054537110061 0.04218878839855539 4.2188788398555388e-02 0.04218880143797189 0.04218880905359039   
277 2493 0.01877308282577496 6419.0281202444485 0.042188781345040005 4.2188781345040005e-02 0.042188793141001 0.042188802548476026   
278 2502 0.017623108381058416 7019.055623132911 0.042188781345040005 4.2188784952142531e-02 0.0421887968342516 0.04218881700254465   
279 2511 0.016130919565504876 7313.279943609666 0.042188781345040005 4.2188782198814459e-02 0.04218879920284559 0.04218881821558883   
280 2520 0.01432677921846199 7366.206870562253 0.042188781345040005 4.2188786413317803e-02 0.04218878920293463 0.042188794245940395   
281 2529 0.015220675099772799 6855.673790790149 0.04218877906948728 4.2188779069487280e-02 0.042188785980271676 0.042188794792193236   
282 2538 0.015172864636968795 7250.788824577151 0.042188776697892574 4.2188776697892574e-02 0.042188788582990584 0.04218880340775723   
283 2547 0.01264555597675721 8088.0768963858545 0.042188776697892574 4.2188779197498964e-02 0.04218878238975911 0.042188795298809256   
284 2556 0.011457498781608845 8358.739230932853 0.042188776697892574 4.2188779728898271e-02 0.04218878061824692 0.04218878737877971   
285 2565 0.011534478645897555 7485.255193547079 0.042188775641023635 4.2188775641023635e-02 0.04218878001087106 0.0421887833881687   
286 2574 0.011156202158246486 6590.883661590523 0.04218877455770627 4.2188774557706268e-02 0.04218877823325139 0.04218878283259852   
287 2583 0.012696292097732334 6643.153110419599 0.042188773101510944 4.2188773101510944e-02 0.04218877644662942 0.04218877794156021   
288 2592 0.014747819223892764 6794.789554346488 0.042188772398362655 4.2188772398362655e-02 0.042188775153984254 0.04218877954025772   
289 2601 0.016852499446076284 7587.2952389983275 0.04218877010424116 4.2188770104241158e-02 0.04218877440010479 0.04218877931396531   
290 2610 0.017228732797963383 7915.608756657997 0.04218877010424116 4.2188770561221514e-02 0.0421887738382848 0.042188784869722495   
291 2619 0.0157928006459075 8605.221157357333 0.04218877010424116 4.2188771258600821e-02 0.042188774278654 0.04218878812777738   
292 2628 0.015296148629621012 9032.829450583227 0.04218877010424116 4.2188771248936198e-02 0.0421887757364138 0.04218878279853146   
293 2637 0.01372745982476511 9853.814368238292 0.04218877010424116 4.2188771600103356e-02 0.0421887739506219 0.042188778199202207   
294 2646 0.01304389023677277 9564.552341912182 0.042188766632122884 4.2188766632122884e-02 0.042188771288360405 0.04218878088176096   
295 2655 0.012973647870223506 9382.535405971352 0.04218876616911049 4.2188766169110492e-02 0.04218876798245065 0.04218877378599238   
296 2664 0.014927028119816914 9429.97754891098 0.042188763636522644 4.2188763636522644e-02 0.04218876725532565 0.0421887708570846   
297 2673 0.01571265522886416 11451.951439377308 0.042188763390371906 4.2188763390371906e-02 0.042188765502906615 0.04218877072898083   
298 2682 0.015850958344479214 11893.47929332696 0.04218876126791499 4.2188761267914987e-02 0.04218876608085756 0.042188769682563104   
299 2691 0.015234060757740841 12105.085636413212 0.04218876022299898 4.2188760222998979e-02 0.042188766516196706 0.042188771155217006   
300 2700 0.016017112450653934 12175.441330719146 0.04218875985973362 4.2188759859733617e-02 0.042188762156473304 0.04218876795518445   
301 2709 0.02016269219202849 12713.662283585403 0.042188755228246846 4.2188755228246846e-02 0.04218875950403607 0.04218877087140617   
302 2718 0.02315929046446695 13729.256171014347 0.042188754637298875 4.2188754637298875e-02 0.04218875958535956 0.042188765254904816   
303 2727 0.02618862039652913 13941.085213096847 0.042188754637298875 4.2188755665242432e-02 0.042188761344449884 0.04218876717028933   
304 2736 0.026679554943581932 14986.417172743488 0.042188754637298875 4.2188758217467183e-02 0.04218876680768234 0.04218877266991688   
305 2745 0.024392086670721645 16072.143042892714 0.042188754637298875 4.2188758173990322e-02 0.04218876253673722 0.042188770920891294   
306 2754 0.021849201623053337 17284.995655372975 0.042188754637298875 4.2188755101945905e-02 0.042188760112399776 0.042188764754547366   
307 2763 0.019693702303578857 17150.099194731385 0.04218875276674339 4.2188752766743387e-02 0.04218876146696764 0.04218877058336591   
308 2772 0.01814579762994778 17404.100529632695 0.04218875191293972 4.2188751912939720e-02 0.042188755841523415 0.042188764187304245   
309 2781 0.015767080692933925 17574.760865464163 0.04218875183569499 4.2188751835694989e-02 0.04218875589973228 0.04218875849497312   
310 2790 0.016708035116362152 18019.16974011342 0.042188749681534084 4.2188749681534084e-02 0.042188754286831075 0.04218875776384794   
311 2799 0.0172311368665267 17629.100374748952 0.04218874818434202 4.2188748184342019e-02 0.0421887517980989 0.04218875692410877   
312 2808 0.018746012601919035 17449.42281805823 0.04218874818434202 4.2188748821318602e-02 0.04218874992863739 0.04218875421015997   
313 2817 0.018847062720166907 19055.282281943113 0.0421887470728391 4.2188747072839101e-02 0.04218875069272823 0.042188754552201384   
314 2826 0.020779509063324344 19967.230704225287 0.0421887470728391 4.2188747674453575e-02 0.04218874947996854 0.04218875107066693   
315 2835 0.02267932520512635 22083.95849758862 0.04218874560371028 4.2188745603710283e-02 0.042188747991410314 0.04218875444553391   
316 2844 0.021012904748794855 24648.773083499367 0.04218874560371028 4.2188746395268671e-02 0.042188748095300585 0.04218875191796785   
317 2853 0.018095188549397904 24750.179277810097 0.04218874560371028 4.2188746298516863e-02 0.0421887486538467 0.042188749174824014   
318 2862 0.017269996357367774 24112.246742017054 0.04218874560371028 4.2188746087402224e-02 0.04218874802238571 0.04218875087308203   
319 2871 0.015738305101283146 24102.305833640352 0.04218874560371028 4.2188746046822677e-02 0.04218874734292313 0.04218875084288211   
320 2880 0.014886782132695757 25729.010293795454 0.04218874560371028 4.2188745790781607e-02 0.04218874669166203 0.04218874792795164   
321 2889 0.014066680234140951 26689.129636068275 0.042188745445744275 4.2188745445744275e-02 0.04218874585627875 0.042188747478714206   
322 2898 0.014360578890154579 27379.887485888157 0.042188745445744275 4.2188745725524474e-02 0.04218874673685777 0.04218874700172378   
323 2907 0.013718996735727679 25030.485399322286 0.042188745445744275 4.2188745785985422e-02 0.042188746092329525 0.042188747576649324   
324 2916 0.013393649062191886 25229.9720334964 0.042188745445744275 4.2188745618875270e-02 0.042188746382123096 0.042188747485798844   
325 2925 0.0121121120578799 26464.39179482418 0.04218874530917196 4.2188745309171959e-02 0.042188745897283546 0.04218874823818074   
326 2934 0.011669396811286108 29843.92117674991 0.04218874530917196 4.2188745417036377e-02 0.042188746012492256 0.042188748993241584   
327 2943 0.01172487558428723 30285.614540016777 0.042188745172268546 4.2188745172268546e-02 0.042188745621706165 0.04218874594985823   
328 2952 0.01061236008715918 30803.759133124087 0.042188745088811236 4.2188745088811236e-02 0.04218874554950421 0.042188746085631265   
329 2961 0.009629817029110444 31305.968943974218 0.04218874505337151 4.2188745053371508e-02 0.04218874520879779 0.04218874571432424   
330 2970 0.0081831536810972 32301.128732770765 0.04218874503192183 4.2188745031921833e-02 0.04218874518330813 0.042188745773144264   
331 2979 0.006935075672785439 33098.92522908188 0.04218874495476385 4.2188744954763852e-02 0.04218874513411299 0.042188745289568404   
332 2988 0.006429278647083853 33950.651886127416 0.04218874495476385 4.2188744991383503e-02 0.04218874504459881 0.042188745271655   
333 2997 0.00547040907352048 7.508602766743932 0.04218874495476385 4.2188744972820366e-02 0.04218874503180874 0.042188745464106704   
334 3006 0.004953822298362606 7.51080889573324 0.04218874495476385 4.2188744960549467e-02 0.042188745037313374 0.04218874516457678   
335 3015 0.004319187691923293 7.860641799499552 0.04218874495045849 4.2188744950458490e-02 0.04218874499181715 0.04218874514122258   
336 3024 0.0040074022344810814 7.995003391440826 0.04218874494829422 4.2188744948294221e-02 0.04218874498083143 0.04218874502827364   
337 3033 0.0038974700560942175 7.777111231265744 0.04218874494829422 4.2188744954000809e-02 0.04218874497092171 0.042188745014928995   
338 3042 0.0034840828898724976 7.202167412009186 0.04218874494829422 4.2188744954510651e-02 0.04218874498441522 0.04218874502639834   
339 3051 0.003158666286734363 7.311417930759121 0.04218874494829422 4.2188744953908335e-02 0.0421887449784001 0.04218874501335409   
340 3060 0.0030131259005394474 6.76982289305579 0.04218874494669666 4.2188744946696659e-02 0.04218874496658407 0.04218874498350599   
341 3069 0.0027552280592595033 6.531447660068188 0.042188744942940226 4.2188744942940226e-02 0.04218874495793817 0.0421887449793699   
342 3078 0.002531259626275015 7.131487795459735 0.04218874493898814 4.2188744938988137e-02 0.042188744952853796 0.042188744985770785   
343 3087 0.0022794864215810394 7.886772663197592 0.04218874493526954 4.2188744935269543e-02 0.04218874494282188 0.04218874499131373   
344 3096 0.002318612315386925 7.504142896007494 0.04218874493526954 4.2188744935492031e-02 0.04218874494717594 0.04218874495215354   
345 3105 0.001929797017167483 7.46925440308471 0.04218874493526954 4.2188744938054398e-02 0.04218874494655513 0.04218874495569861   
346 3114 0.001700955937227377 7.800630194484528 0.04218874493267371 4.2188744932673709e-02 0.04218874494054879 0.042188744950212596   
347 3123 0.0014514668818975981 7.552652738976615 0.04218874493267371 4.2188744934546732e-02 0.04218874494062641 0.04218874494389424   
348 3132 0.0012531368461057507 7.549365235174012 0.04218874493267371 4.2188744936066745e-02 0.04218874493797743 0.04218874494765695   
349 3141 0.0010616507920757426 6.792046352929258 0.042188744931411955 4.2188744931411955e-02 0.04218874493728636 0.04218874494019917   
350 3150 0.0008908949983181505 6.905869713513032 0.04218874492987136 4.2188744929871361e-02 0.042188744938315384 0.042188744943801926   
351 3159 0.0007991737862869522 7.420085319722353 0.04218874492894831 4.2188744928948307e-02 0.04218874493563329 0.04218874493695841   
352 3168 0.0007656219856441215 8.512911083402653 0.04218874492827127 4.2188744928271273e-02 0.04218874493425194 0.04218874494005515   
353 3177 0.0007390154661664857 8.459489928285988 0.04218874492827127 4.2188744932702804e-02 0.042188744934337816 0.04218874493880809   
354 3186 0.0007632751900772035 8.695985014891003 0.04218874492827127 4.2188744931999533e-02 0.04218874493519104 0.042188744937977106   
355 3195 0.0006559422183129733 9.088010368473794 0.04218874492827127 4.2188744928816420e-02 0.042188744935912265 0.04218874493658829   
356 3204 0.0007177990526820711 9.652544264763085 0.04218874492827127 4.2188744931347132e-02 0.04218874493546794 0.04218874493902129   
357 3213 0.0006680551662076813 10.08402747906073 0.04218874492827127 4.2188744929742117e-02 0.04218874493512559 0.04218874493943813   
358 3222 0.0006025980906255448 9.806490738055523 0.04218874492827127 4.2188744931323671e-02 0.042188744933884643 0.042188744937853476   
359 3231 0.0005726109913076772 10.039752977641333 0.04218874492827127 4.2188744931976420e-02 0.04218874493550834 0.042188744938944235   
360 3240 0.0006207614645809345 10.231011229116156 0.04218874492827127 4.2188744931101231e-02 0.042188744934676635 0.04218874493970369   
361 3249 0.0006187130312823448 11.929933314267828 0.04218874492827127 4.2188744933559300e-02 0.04218874493615413 0.04218874493919313   
362 3258 0.0006440120500280927 12.94625332976613 0.04218874492827127 4.2188744932731559e-02 0.04218874493671381 0.0421887449414325   
363 3267 0.0006195302959277297 12.990960620780303 0.04218874492827127 4.2188744932929345e-02 0.04218874493654084 0.04218874493924517   
364 3276 0.000575970953299386 12.210273937590554 0.04218874492827127 4.2188744929898922e-02 0.04218874493567016 0.04218874493939843   
365 3285 0.0005228232046214892 11.935637874951329 0.04218874492827127 4.2188744930230504e-02 0.04218874493190666 0.0421887449386716   
366 3294 0.0005452413296366797 12.572490186667608 0.04218874492827127 4.2188744932909729e-02 0.04218874493613653 0.04218874493915834   
367 3303 0.0005116668660684223 11.779340146143776 0.04218874492827127 4.2188744931509377e-02 0.04218874493478767 0.042188744939574474   
368 3312 0.0005459320921354793 11.794936291184385 0.04218874492827127 4.2188744931614827e-02 0.04218874493432585 0.042188744936219526   
369 3321 0.0005012183856554538 12.838855575232133 0.04218874492827127 4.2188744932880752e-02 0.0421887449369908 0.0421887449385331   
370 3330 0.0005009980284299878 13.945426794390201 0.04218874492827127 4.2188744933786416e-02 0.04218874493658541 0.042188744938506655   
371 3339 0.0005314343686099132 13.637936772152601 0.04218874492827127 4.2188744932593406e-02 0.042188744934115445 0.0421887449411341   
372 3348 0.0005112518002673205 14.2971972927921 0.04218874492827127 4.2188744931057565e-02 0.042188744933075874 0.04218874493858764   
