% # columns="iteration, evaluation, sigma, beta, void,  sigvec==sigma_vec.scaling factors from diagonal decoding", seed=769447, Thu Nov 23 14:35:31 2023, <python>{}</python>
1 9 0.09893273964473287 1 0 0.05000000000000002 0.5 1.25 1.5 0.75 0.11928031367991561
2 18 0.1326884341178449 1 0 0.05000000000000002 0.5 1.25 1.5 0.75 0.11928031367991561
3 27 0.1727447026542948 1 0 0.05000000000000002 0.5 1.25 1.5 0.75 0.11928031367991561
4 36 0.22349479823986854 1 0 0.05000000000000002 0.5 1.25 1.5 0.75 0.11928031367991561
5 45 0.24659352972809329 1 0 0.05000000000000002 0.5 1.25 1.5 0.75 0.11928031367991561
6 54 0.29246490771203343 1 0 0.05000000000000002 0.5 1.25 1.5 0.75 0.11928031367991561
7 63 0.3328240102726892 1 0 0.05000000000000002 0.5 1.25 1.5 0.75 0.11928031367991561
8 72 0.3958848658294521 1 0 0.05000000000000002 0.5 1.25 1.5 0.75 0.11928031367991561
9 81 0.43260316862240406 1 0 0.05000000000000002 0.5 1.25 1.5 0.75 0.11928031367991561
10 90 0.4448316822930563 1 0 0.05000000000000002 0.5 1.25 1.5 0.75 0.11928031367991561
11 99 0.49269906962158233 1 0 0.05000000000000002 0.5 1.25 1.5 0.75 0.11928031367991561
12 108 0.448898658526689 1 0 0.05000000000000002 0.5 1.25 1.5 0.75 0.11928031367991561
13 117 0.37528144578244704 1 0 0.05000000000000002 0.5 1.25 1.5 0.75 0.11928031367991561
14 126 0.35576686430521604 1 0 0.05000000000000002 0.5 1.25 1.5 0.75 0.11928031367991561
15 135 0.3452323575850314 1 0 0.05000000000000002 0.5 1.25 1.5 0.75 0.11928031367991561
16 144 0.3582671241756365 1 0 0.05000000000000002 0.5 1.25 1.5 0.75 0.11928031367991561
17 153 0.3342751567894077 1 0 0.05000000000000002 0.5 1.25 1.5 0.75 0.11928031367991561
18 162 0.40083968068316805 1 0 0.05000000000000002 0.5 1.25 1.5 0.75 0.11928031367991561
19 171 0.46054286716071485 1 0 0.05000000000000002 0.5 1.25 1.5 0.75 0.11928031367991561
20 180 0.4548775897331038 1 0 0.05000000000000002 0.5 1.25 1.5 0.75 0.11928031367991561
21 189 0.46072430665786995 1 0 0.05000000000000002 0.5 1.25 1.5 0.75 0.11928031367991561
22 198 0.505315877100194 1 0 0.05000000000000002 0.5 1.25 1.5 0.75 0.11928031367991561
23 207 0.5610825593145008 1 0 0.05000000000000002 0.5 1.25 1.5 0.75 0.11928031367991561
24 216 0.6366451674113096 1 0 0.05000000000000002 0.5 1.25 1.5 0.75 0.11928031367991561
25 225 0.584982189223014 1 0 0.05000000000000002 0.5 1.25 1.5 0.75 0.11928031367991561
26 234 0.5510974189546164 1 0 0.05000000000000002 0.5 1.25 1.5 0.75 0.11928031367991561
27 243 0.522202557927915 1 0 0.05000000000000002 0.5 1.25 1.5 0.75 0.11928031367991561
28 252 0.5205439258832075 1 0 0.05000000000000002 0.5 1.25 1.5 0.75 0.11928031367991561
29 261 0.44066820988787997 1 0 0.05000000000000002 0.5 1.25 1.5 0.75 0.11928031367991561
30 270 0.45689377767099953 1 0 0.05000000000000002 0.5 1.25 1.5 0.75 0.11928031367991561
31 279 0.400956258798931 1 0 0.05000000000000002 0.5 1.25 1.5 0.75 0.11928031367991561
32 288 0.3798846782387792 1 0 0.05000000000000002 0.5 1.25 1.5 0.75 0.11928031367991561
33 297 0.30716839316984057 1 0 0.05000000000000002 0.5 1.25 1.5 0.75 0.11928031367991561
34 306 0.297089135022025 1 0 0.05000000000000002 0.5 1.25 1.5 0.75 0.11928031367991561
35 315 0.30468715768558213 1 0 0.05000000000000002 0.5 1.25 1.5 0.75 0.11928031367991561
36 324 0.31797521804271833 1 0 0.05000000000000002 0.5 1.25 1.5 0.75 0.11928031367991561
37 333 0.2879186895379915 1 0 0.05000000000000002 0.5 1.25 1.5 0.75 0.11928031367991561
38 342 0.25545867216749213 1 0 0.05000000000000002 0.5 1.25 1.5 0.75 0.11928031367991561
39 351 0.2145421773400294 1 0 0.05000000000000002 0.5 1.25 1.5 0.75 0.11928031367991561
40 360 0.19336669323752292 1 0 0.05000000000000002 0.5 1.25 1.5 0.75 0.11928031367991561
41 369 0.19272138719886375 1 0 0.05000000000000002 0.5 1.25 1.5 0.75 0.11928031367991561
42 378 0.1619539280499046 1 0 0.05000000000000002 0.5 1.25 1.5 0.75 0.11928031367991561
43 387 0.14071587968508237 1 0 0.05000000000000002 0.5 1.25 1.5 0.75 0.11928031367991561
44 396 0.13200876178527376 1 0 0.05000000000000002 0.5 1.25 1.5 0.75 0.11928031367991561
45 405 0.11125863568277015 1 0 0.05000000000000002 0.5 1.25 1.5 0.75 0.11928031367991561
46 414 0.10364835751191359 1 0 0.05000000000000002 0.5 1.25 1.5 0.75 0.11928031367991561
47 423 0.09771693056006736 1 0 0.05000000000000002 0.5 1.25 1.5 0.75 0.11928031367991561
48 432 0.1152684193810126 1 0 0.05000000000000002 0.5 1.25 1.5 0.75 0.11928031367991561
49 441 0.13766691914181145 1 0 0.05000000000000002 0.5 1.25 1.5 0.75 0.11928031367991561
50 450 0.13257880387470874 1 0 0.05000000000000002 0.5 1.25 1.5 0.75 0.11928031367991561
51 459 0.12860941542453452 1 0 0.05000000000000002 0.5 1.25 1.5 0.75 0.11928031367991561
52 468 0.11097341889759754 1 0 0.05000000000000002 0.5 1.25 1.5 0.75 0.11928031367991561
53 477 0.10803803447459559 1 0 0.05000000000000002 0.5 1.25 1.5 0.75 0.11928031367991561
54 486 0.10943343405434722 1 0 0.05000000000000002 0.5 1.25 1.5 0.75 0.11928031367991561
55 495 0.1215172372447821 1 0 0.05000000000000002 0.5 1.25 1.5 0.75 0.11928031367991561
56 504 0.15729767667210634 1 0 0.05000000000000002 0.5 1.25 1.5 0.75 0.11928031367991561
57 513 0.18484004375631338 1 0 0.05000000000000002 0.5 1.25 1.5 0.75 0.11928031367991561
58 522 0.18698902842326956 1 0 0.05000000000000002 0.5 1.25 1.5 0.75 0.11928031367991561
59 531 0.1882850116597886 1 0 0.05000000000000002 0.5 1.25 1.5 0.75 0.11928031367991561
60 540 0.19200783988889514 1 0 0.05000000000000002 0.5 1.25 1.5 0.75 0.11928031367991561
61 549 0.20029237289233384 1 0 0.05000000000000002 0.5 1.25 1.5 0.75 0.11928031367991561
62 558 0.1869222153070778 1 0 0.05000000000000002 0.5 1.25 1.5 0.75 0.11928031367991561
63 567 0.17455135176695769 1 0 0.05000000000000002 0.5 1.25 1.5 0.75 0.11928031367991561
64 576 0.1710288358619519 1 0 0.05000000000000002 0.5 1.25 1.5 0.75 0.11928031367991561
65 585 0.16933931480077946 1 0 0.05000000000000002 0.5 1.25 1.5 0.75 0.11928031367991561
66 594 0.1704123672523613 1 0 0.05000000000000002 0.5 1.25 1.5 0.75 0.11928031367991561
67 603 0.15599287248399601 1 0 0.05000000000000002 0.5 1.25 1.5 0.75 0.11928031367991561
68 612 0.14986762677047416 1 0 0.05000000000000002 0.5 1.25 1.5 0.75 0.11928031367991561
69 621 0.15150474545699694 1 0 0.05000000000000002 0.5 1.25 1.5 0.75 0.11928031367991561
70 630 0.14055160157814467 1 0 0.05000000000000002 0.5 1.25 1.5 0.75 0.11928031367991561
71 639 0.1368808979461171 1 0 0.05000000000000002 0.5 1.25 1.5 0.75 0.11928031367991561
72 648 0.11622901384973684 1 0 0.05000000000000002 0.5 1.25 1.5 0.75 0.11928031367991561
73 657 0.1075343393255182 1 0 0.05000000000000002 0.5 1.25 1.5 0.75 0.11928031367991561
74 666 0.10712731677722824 1 0 0.05000000000000002 0.5 1.25 1.5 0.75 0.11928031367991561
75 675 0.1013854815834911 1 0 0.05000000000000002 0.5 1.25 1.5 0.75 0.11928031367991561
76 684 0.09934661514183943 1 0 0.05000000000000002 0.5 1.25 1.5 0.75 0.11928031367991561
77 693 0.10704058456936803 1 0 0.05000000000000002 0.5 1.25 1.5 0.75 0.11928031367991561
78 702 0.12211355918160066 1 0 0.05000000000000002 0.5 1.25 1.5 0.75 0.11928031367991561
79 711 0.13694698555504986 1 0 0.05000000000000002 0.5 1.25 1.5 0.75 0.11928031367991561
80 720 0.13619429640781663 1 0 0.05000000000000002 0.5 1.25 1.5 0.75 0.11928031367991561
81 729 0.13698862081367089 1 0 0.05000000000000002 0.5 1.25 1.5 0.75 0.11928031367991561
82 738 0.12639399985567767 1 0 0.05000000000000002 0.5 1.25 1.5 0.75 0.11928031367991561
83 747 0.1211297657573386 1 0 0.05000000000000002 0.5 1.25 1.5 0.75 0.11928031367991561
84 756 0.1074800380678468 1 0 0.05000000000000002 0.5 1.25 1.5 0.75 0.11928031367991561
85 765 0.09404874924228035 1 0 0.05000000000000002 0.5 1.25 1.5 0.75 0.11928031367991561
86 774 0.0786731538468676 1 0 0.05000000000000002 0.5 1.25 1.5 0.75 0.11928031367991561
87 783 0.07578241302423724 1 0 0.05000000000000002 0.5 1.25 1.5 0.75 0.11928031367991561
88 792 0.06978947202536535 1 0 0.05000000000000002 0.5 1.25 1.5 0.75 0.11928031367991561
89 801 0.06482997032666674 1 0 0.05000000000000002 0.5 1.25 1.5 0.75 0.11928031367991561
90 810 0.061049531040647136 1 0 0.05000000000000002 0.5 1.25 1.5 0.75 0.11928031367991561
91 819 0.05167611084723833 1 0 0.05000000000000002 0.5 1.25 1.5 0.75 0.11928031367991561
92 828 0.056661015193923504 1 0 0.05000000000000002 0.5 1.25 1.5 0.75 0.11928031367991561
93 837 0.05462866749465476 1 0 0.05000000000000002 0.5 1.25 1.5 0.75 0.11928031367991561
94 846 0.05739677294098904 1 0 0.05000000000000002 0.5 1.25 1.5 0.75 0.11928031367991561
95 855 0.06263371580264529 1 0 0.05000000000000002 0.5 1.25 1.5 0.75 0.11928031367991561
96 864 0.058668603220374274 1 0 0.05000000000000002 0.5 1.25 1.5 0.75 0.11928031367991561
97 873 0.06302363608999652 1 0 0.05000000000000002 0.5 1.25 1.5 0.75 0.11928031367991561
98 882 0.06967327576433018 1 0 0.05000000000000002 0.5 1.25 1.5 0.75 0.11928031367991561
99 891 0.08248891963881338 1 0 0.05000000000000002 0.5 1.25 1.5 0.75 0.11928031367991561
100 900 0.08569872496070975 1 0 0.05000000000000002 0.5 1.25 1.5 0.75 0.11928031367991561
101 909 0.08182860876032219 1 0 0.05000000000000002 0.5 1.25 1.5 0.75 0.11928031367991561
102 918 0.0989253096807566 1 0 0.05000000000000002 0.5 1.25 1.5 0.75 0.11928031367991561
103 927 0.1027082931901073 1 0 0.05000000000000002 0.5 1.25 1.5 0.75 0.11928031367991561
104 936 0.09233495426992626 1 0 0.05000000000000002 0.5 1.25 1.5 0.75 0.11928031367991561
105 945 0.0847231367883323 1 0 0.05000000000000002 0.5 1.25 1.5 0.75 0.11928031367991561
106 954 0.08902199288794449 1 0 0.05000000000000002 0.5 1.25 1.5 0.75 0.11928031367991561
107 963 0.08283171585971849 1 0 0.05000000000000002 0.5 1.25 1.5 0.75 0.11928031367991561
108 972 0.0832374635588948 1 0 0.05000000000000002 0.5 1.25 1.5 0.75 0.11928031367991561
109 981 0.07980427897530816 1 0 0.05000000000000002 0.5 1.25 1.5 0.75 0.11928031367991561
110 990 0.07719174889136211 1 0 0.05000000000000002 0.5 1.25 1.5 0.75 0.11928031367991561
111 999 0.07892701191763069 1 0 0.05000000000000002 0.5 1.25 1.5 0.75 0.11928031367991561
112 1008 0.08657530505935958 1 0 0.05000000000000002 0.5 1.25 1.5 0.75 0.11928031367991561
113 1017 0.07503110322943995 1 0 0.05000000000000002 0.5 1.25 1.5 0.75 0.11928031367991561
114 1026 0.06607940079569634 1 0 0.05000000000000002 0.5 1.25 1.5 0.75 0.11928031367991561
115 1035 0.06316121590699839 1 0 0.05000000000000002 0.5 1.25 1.5 0.75 0.11928031367991561
116 1044 0.06517726358361683 1 0 0.05000000000000002 0.5 1.25 1.5 0.75 0.11928031367991561
117 1053 0.06147383819072174 1 0 0.05000000000000002 0.5 1.25 1.5 0.75 0.11928031367991561
118 1062 0.05811321971312348 1 0 0.05000000000000002 0.5 1.25 1.5 0.75 0.11928031367991561
119 1071 0.052073532084434514 1 0 0.05000000000000002 0.5 1.25 1.5 0.75 0.11928031367991561
120 1080 0.04746765538121174 1 0 0.05000000000000002 0.5 1.25 1.5 0.75 0.11928031367991561
121 1089 0.048922538079187325 1 0 0.05000000000000002 0.5 1.25 1.5 0.75 0.11928031367991561
122 1098 0.04882394950035083 1 0 0.05000000000000002 0.5 1.25 1.5 0.75 0.11928031367991561
123 1107 0.05204117087634136 1 0 0.05000000000000002 0.5 1.25 1.5 0.75 0.11928031367991561
124 1116 0.05459092148480966 1 0 0.05000000000000002 0.5 1.25 1.5 0.75 0.11928031367991561
125 1125 0.051830745807623875 1 0 0.05000000000000002 0.5 1.25 1.5 0.75 0.11928031367991561
126 1134 0.04718027456028003 1 0 0.05000000000000002 0.5 1.25 1.5 0.75 0.11928031367991561
127 1143 0.049777180413355035 1 0 0.05000000000000002 0.5 1.25 1.5 0.75 0.11928031367991561
128 1152 0.0595499766993006 1 0 0.05000000000000002 0.5 1.25 1.5 0.75 0.11928031367991561
129 1161 0.06810822206459816 1 0 0.05000000000000002 0.5 1.25 1.5 0.75 0.11928031367991561
130 1170 0.07411576466084926 1 0 0.05000000000000002 0.5 1.25 1.5 0.75 0.11928031367991561
131 1179 0.06848904115289514 1 0 0.05000000000000002 0.5 1.25 1.5 0.75 0.11928031367991561
132 1188 0.06546449768722783 1 0 0.05000000000000002 0.5 1.25 1.5 0.75 0.11928031367991561
133 1197 0.06360637002288042 1 0 0.05000000000000002 0.5 1.25 1.5 0.75 0.11928031367991561
134 1206 0.05662083719512913 1 0 0.05000000000000002 0.5 1.25 1.5 0.75 0.11928031367991561
135 1215 0.051303652383938914 1 0 0.05000000000000002 0.5 1.25 1.5 0.75 0.11928031367991561
136 1224 0.04599864208203919 1 0 0.05000000000000002 0.5 1.25 1.5 0.75 0.11928031367991561
137 1233 0.0515437323884587 1 0 0.05000000000000002 0.5 1.25 1.5 0.75 0.11928031367991561
138 1242 0.05804600178450868 1 0 0.05000000000000002 0.5 1.25 1.5 0.75 0.11928031367991561
139 1251 0.05354777726996763 1 0 0.05000000000000002 0.5 1.25 1.5 0.75 0.11928031367991561
140 1260 0.06366544974714404 1 0 0.05000000000000002 0.5 1.25 1.5 0.75 0.11928031367991561
141 1269 0.06821704125524122 1 0 0.05000000000000002 0.5 1.25 1.5 0.75 0.11928031367991561
142 1278 0.06845769193258229 1 0 0.05000000000000002 0.5 1.25 1.5 0.75 0.11928031367991561
143 1287 0.08217843775781822 1 0 0.05000000000000002 0.5 1.25 1.5 0.75 0.11928031367991561
144 1296 0.08618044672313631 1 0 0.05000000000000002 0.5 1.25 1.5 0.75 0.11928031367991561
145 1305 0.08165080472320013 1 0 0.05000000000000002 0.5 1.25 1.5 0.75 0.11928031367991561
146 1314 0.07610694769099025 1 0 0.05000000000000002 0.5 1.25 1.5 0.75 0.11928031367991561
147 1323 0.0644349859542028 1 0 0.05000000000000002 0.5 1.25 1.5 0.75 0.11928031367991561
148 1332 0.05619461874788634 1 0 0.05000000000000002 0.5 1.25 1.5 0.75 0.11928031367991561
149 1341 0.05736157210541998 1 0 0.05000000000000002 0.5 1.25 1.5 0.75 0.11928031367991561
150 1350 0.058624999965390064 1 0 0.05000000000000002 0.5 1.25 1.5 0.75 0.11928031367991561
151 1359 0.04816812655526299 1 0 0.05000000000000002 0.5 1.25 1.5 0.75 0.11928031367991561
152 1368 0.04391543368651101 1 0 0.05000000000000002 0.5 1.25 1.5 0.75 0.11928031367991561
153 1377 0.04214306336500219 1 0 0.05000000000000002 0.5 1.25 1.5 0.75 0.11928031367991561
154 1386 0.037222723368896336 1 0 0.05000000000000002 0.5 1.25 1.5 0.75 0.11928031367991561
155 1395 0.03556688148325626 1 0 0.05000000000000002 0.5 1.25 1.5 0.75 0.11928031367991561
156 1404 0.03176198385106717 1 0 0.05000000000000002 0.5 1.25 1.5 0.75 0.11928031367991561
157 1413 0.028043071319880236 1 0 0.05000000000000002 0.5 1.25 1.5 0.75 0.11928031367991561
158 1422 0.02615362637250663 1 0 0.05000000000000002 0.5 1.25 1.5 0.75 0.11928031367991561
159 1431 0.022787506226710084 1 0 0.05000000000000002 0.5 1.25 1.5 0.75 0.11928031367991561
160 1440 0.018713407336934548 1 0 0.05000000000000002 0.5 1.25 1.5 0.75 0.11928031367991561
161 1449 0.01744227684838715 1 0 0.05000000000000002 0.5 1.25 1.5 0.75 0.11928031367991561
162 1458 0.017928930984239883 1 0 0.05000000000000002 0.5 1.25 1.5 0.75 0.11928031367991561
163 1467 0.019003702006919723 1 0 0.05000000000000002 0.5 1.25 1.5 0.75 0.11928031367991561
164 1476 0.01793337640458175 1 0 0.05000000000000002 0.5 1.25 1.5 0.75 0.11928031367991561
165 1485 0.016975144567966168 1 0 0.05000000000000002 0.5 1.25 1.5 0.75 0.11928031367991561
166 1494 0.015463630945160902 1 0 0.05000000000000002 0.5 1.25 1.5 0.75 0.11928031367991561
167 1503 0.01461671445498682 1 0 0.05000000000000002 0.5 1.25 1.5 0.75 0.11928031367991561
168 1512 0.014841165514450834 1 0 0.05000000000000002 0.5 1.25 1.5 0.75 0.11928031367991561
169 1521 0.01493158723555556 1 0 0.05000000000000002 0.5 1.25 1.5 0.75 0.11928031367991561
170 1530 0.012651680706924929 1 0 0.05000000000000002 0.5 1.25 1.5 0.75 0.11928031367991561
171 1539 0.011080309353282409 1 0 0.05000000000000002 0.5 1.25 1.5 0.75 0.11928031367991561
172 1548 0.009033195404089586 1 0 0.05000000000000002 0.5 1.25 1.5 0.75 0.11928031367991561
173 1557 0.00778219268249727 1 0 0.05000000000000002 0.5 1.25 1.5 0.75 0.11928031367991561
174 1566 0.008187447272497055 1 0 0.05000000000000002 0.5 1.25 1.5 0.75 0.11928031367991561
175 1575 0.00981834713908701 1 0 0.05000000000000002 0.5 1.25 1.5 0.75 0.11928031367991561
176 1584 0.010110103380983561 1 0 0.05000000000000002 0.5 1.25 1.5 0.75 0.11928031367991561
177 1593 0.009696791022039094 1 0 0.05000000000000002 0.5 1.25 1.5 0.75 0.11928031367991561
178 1602 0.00960214637948421 1 0 0.05000000000000002 0.5 1.25 1.5 0.75 0.11928031367991561
179 1611 0.008828781459857504 1 0 0.05000000000000002 0.5 1.25 1.5 0.75 0.11928031367991561
180 1620 0.008433761268805242 1 0 0.05000000000000002 0.5 1.25 1.5 0.75 0.11928031367991561
181 1629 0.009184335605658152 1 0 0.05000000000000002 0.5 1.25 1.5 0.75 0.11928031367991561
182 1638 0.009055458047229067 1 0 0.05000000000000002 0.5 1.25 1.5 0.75 0.11928031367991561
183 1647 0.00990849018450003 1 0 0.05000000000000002 0.5 1.25 1.5 0.75 0.11928031367991561
184 1656 0.01064729977057848 1 0 0.05000000000000002 0.5 1.25 1.5 0.75 0.11928031367991561
185 1665 0.01129327522377431 1 0 0.05000000000000002 0.5 1.25 1.5 0.75 0.11928031367991561
186 1674 0.012149799471913823 1 0 0.05000000000000002 0.5 1.25 1.5 0.75 0.11928031367991561
187 1683 0.011997521011444441 1 0 0.05000000000000002 0.5 1.25 1.5 0.75 0.11928031367991561
188 1692 0.012854042759486725 1 0 0.05000000000000002 0.5 1.25 1.5 0.75 0.11928031367991561
189 1701 0.012126629157765368 1 0 0.05000000000000002 0.5 1.25 1.5 0.75 0.11928031367991561
190 1710 0.01122235848910355 1 0 0.05000000000000002 0.5 1.25 1.5 0.75 0.11928031367991561
191 1719 0.0113555207925325 1 0 0.05000000000000002 0.5 1.25 1.5 0.75 0.11928031367991561
192 1728 0.013195592992636056 1 0 0.05000000000000002 0.5 1.25 1.5 0.75 0.11928031367991561
193 1737 0.015485464373685856 1 0 0.05000000000000002 0.5 1.25 1.5 0.75 0.11928031367991561
194 1746 0.01945042266234561 1 0 0.05000000000000002 0.5 1.25 1.5 0.75 0.11928031367991561
195 1755 0.021941378550707998 1 0 0.05000000000000002 0.5 1.25 1.5 0.75 0.11928031367991561
196 1764 0.023072014542708488 1 0 0.05000000000000002 0.5 1.25 1.5 0.75 0.11928031367991561
197 1773 0.02451824590310065 1 0 0.05000000000000002 0.5 1.25 1.5 0.75 0.11928031367991561
198 1782 0.025100635671370643 1 0 0.05000000000000002 0.5 1.25 1.5 0.75 0.11928031367991561
199 1791 0.02661493564151107 1 0 0.05000000000000002 0.5 1.25 1.5 0.75 0.11928031367991561
200 1800 0.026040511133920533 1 0 0.05000000000000002 0.5 1.25 1.5 0.75 0.11928031367991561
201 1809 0.023782834538011277 1 0 0.05000000000000002 0.5 1.25 1.5 0.75 0.11928031367991561
202 1818 0.025349764292751115 1 0 0.05000000000000002 0.5 1.25 1.5 0.75 0.11928031367991561
203 1827 0.023964900636134438 1 0 0.05000000000000002 0.5 1.25 1.5 0.75 0.11928031367991561
204 1836 0.023113408191523882 1 0 0.05000000000000002 0.5 1.25 1.5 0.75 0.11928031367991561
205 1845 0.023773030379487286 1 0 0.05000000000000002 0.5 1.25 1.5 0.75 0.11928031367991561
206 1854 0.02271118567532246 1 0 0.05000000000000002 0.5 1.25 1.5 0.75 0.11928031367991561
207 1863 0.020176990758820342 1 0 0.05000000000000002 0.5 1.25 1.5 0.75 0.11928031367991561
208 1872 0.01884203590323701 1 0 0.05000000000000002 0.5 1.25 1.5 0.75 0.11928031367991561
209 1881 0.017463358765726796 1 0 0.05000000000000002 0.5 1.25 1.5 0.75 0.11928031367991561
210 1890 0.01699577507697627 1 0 0.05000000000000002 0.5 1.25 1.5 0.75 0.11928031367991561
211 1899 0.016168327289636006 1 0 0.05000000000000002 0.5 1.25 1.5 0.75 0.11928031367991561
212 1908 0.017439367536744403 1 0 0.05000000000000002 0.5 1.25 1.5 0.75 0.11928031367991561
213 1917 0.021225535311407768 1 0 0.05000000000000002 0.5 1.25 1.5 0.75 0.11928031367991561
214 1926 0.02365620316881173 1 0 0.05000000000000002 0.5 1.25 1.5 0.75 0.11928031367991561
215 1935 0.020458457937015225 1 0 0.05000000000000002 0.5 1.25 1.5 0.75 0.11928031367991561
216 1944 0.018717285819566238 1 0 0.05000000000000002 0.5 1.25 1.5 0.75 0.11928031367991561
217 1953 0.0197733658150168 1 0 0.05000000000000002 0.5 1.25 1.5 0.75 0.11928031367991561
218 1962 0.024549191229728425 1 0 0.05000000000000002 0.5 1.25 1.5 0.75 0.11928031367991561
219 1971 0.029780235226259662 1 0 0.05000000000000002 0.5 1.25 1.5 0.75 0.11928031367991561
220 1980 0.034193166314368965 1 0 0.05000000000000002 0.5 1.25 1.5 0.75 0.11928031367991561
221 1989 0.03928771408732484 1 0 0.05000000000000002 0.5 1.25 1.5 0.75 0.11928031367991561
222 1998 0.04150759382936928 1 0 0.05000000000000002 0.5 1.25 1.5 0.75 0.11928031367991561
223 2007 0.03890620046441702 1 0 0.05000000000000002 0.5 1.25 1.5 0.75 0.11928031367991561
224 2016 0.034642824401725204 1 0 0.05000000000000002 0.5 1.25 1.5 0.75 0.11928031367991561
225 2025 0.031502096244966665 1 0 0.05000000000000002 0.5 1.25 1.5 0.75 0.11928031367991561
226 2034 0.03329970701498735 1 0 0.05000000000000002 0.5 1.25 1.5 0.75 0.11928031367991561
227 2043 0.030985844345471605 1 0 0.05000000000000002 0.5 1.25 1.5 0.75 0.11928031367991561
228 2052 0.025335629334461967 1 0 0.05000000000000002 0.5 1.25 1.5 0.75 0.11928031367991561
229 2061 0.02180586920861274 1 0 0.05000000000000002 0.5 1.25 1.5 0.75 0.11928031367991561
230 2070 0.023928731981922795 1 0 0.05000000000000002 0.5 1.25 1.5 0.75 0.11928031367991561
231 2079 0.029780538292517037 1 0 0.05000000000000002 0.5 1.25 1.5 0.75 0.11928031367991561
232 2088 0.03766586567381272 1 0 0.05000000000000002 0.5 1.25 1.5 0.75 0.11928031367991561
233 2097 0.04024440109293923 1 0 0.05000000000000002 0.5 1.25 1.5 0.75 0.11928031367991561
234 2106 0.03487414775482348 1 0 0.05000000000000002 0.5 1.25 1.5 0.75 0.11928031367991561
235 2115 0.03232435690815129 1 0 0.05000000000000002 0.5 1.25 1.5 0.75 0.11928031367991561
236 2124 0.031518863417578265 1 0 0.05000000000000002 0.5 1.25 1.5 0.75 0.11928031367991561
237 2133 0.030195728820881864 1 0 0.05000000000000002 0.5 1.25 1.5 0.75 0.11928031367991561
238 2142 0.03255670548780851 1 0 0.05000000000000002 0.5 1.25 1.5 0.75 0.11928031367991561
239 2151 0.033544548577229064 1 0 0.05000000000000002 0.5 1.25 1.5 0.75 0.11928031367991561
240 2160 0.03553189272749942 1 0 0.05000000000000002 0.5 1.25 1.5 0.75 0.11928031367991561
241 2169 0.03621325801714447 1 0 0.05000000000000002 0.5 1.25 1.5 0.75 0.11928031367991561
242 2178 0.035467717611217066 1 0 0.05000000000000002 0.5 1.25 1.5 0.75 0.11928031367991561
243 2187 0.03639152974942377 1 0 0.05000000000000002 0.5 1.25 1.5 0.75 0.11928031367991561
244 2196 0.03417716811496683 1 0 0.05000000000000002 0.5 1.25 1.5 0.75 0.11928031367991561
245 2205 0.02904275791513616 1 0 0.05000000000000002 0.5 1.25 1.5 0.75 0.11928031367991561
246 2214 0.029548256977599538 1 0 0.05000000000000002 0.5 1.25 1.5 0.75 0.11928031367991561
247 2223 0.03026917285278656 1 0 0.05000000000000002 0.5 1.25 1.5 0.75 0.11928031367991561
248 2232 0.026246638894473137 1 0 0.05000000000000002 0.5 1.25 1.5 0.75 0.11928031367991561
249 2241 0.02468778317864465 1 0 0.05000000000000002 0.5 1.25 1.5 0.75 0.11928031367991561
250 2250 0.025334298749976673 1 0 0.05000000000000002 0.5 1.25 1.5 0.75 0.11928031367991561
251 2259 0.02369814772846093 1 0 0.05000000000000002 0.5 1.25 1.5 0.75 0.11928031367991561
252 2268 0.023836499867484717 1 0 0.05000000000000002 0.5 1.25 1.5 0.75 0.11928031367991561
253 2277 0.027267837642205056 1 0 0.05000000000000002 0.5 1.25 1.5 0.75 0.11928031367991561
254 2286 0.03161330875291067 1 0 0.05000000000000002 0.5 1.25 1.5 0.75 0.11928031367991561
255 2295 0.03014880161865061 1 0 0.05000000000000002 0.5 1.25 1.5 0.75 0.11928031367991561
256 2304 0.029706543566456526 1 0 0.05000000000000002 0.5 1.25 1.5 0.75 0.11928031367991561
257 2313 0.028284773355441745 1 0 0.05000000000000002 0.5 1.25 1.5 0.75 0.11928031367991561
258 2322 0.028767095515666277 1 0 0.05000000000000002 0.5 1.25 1.5 0.75 0.11928031367991561
259 2331 0.03341439720314356 1 0 0.05000000000000002 0.5 1.25 1.5 0.75 0.11928031367991561
260 2340 0.03530537422835409 1 0 0.05000000000000002 0.5 1.25 1.5 0.75 0.11928031367991561
261 2349 0.0370505210543868 1 0 0.05000000000000002 0.5 1.25 1.5 0.75 0.11928031367991561
262 2358 0.041923428211384096 1 0 0.05000000000000002 0.5 1.25 1.5 0.75 0.11928031367991561
263 2367 0.04726495589545951 1 0 0.05000000000000002 0.5 1.25 1.5 0.75 0.11928031367991561
264 2376 0.04242450540189498 1 0 0.05000000000000002 0.5 1.25 1.5 0.75 0.11928031367991561
265 2385 0.039512272766277716 1 0 0.05000000000000002 0.5 1.25 1.5 0.75 0.11928031367991561
266 2394 0.03818429022830861 1 0 0.05000000000000002 0.5 1.25 1.5 0.75 0.11928031367991561
267 2403 0.034471174037212816 1 0 0.05000000000000002 0.5 1.25 1.5 0.75 0.11928031367991561
268 2412 0.03225584255244294 1 0 0.05000000000000002 0.5 1.25 1.5 0.75 0.11928031367991561
269 2421 0.02961315490592315 1 0 0.05000000000000002 0.5 1.25 1.5 0.75 0.11928031367991561
270 2430 0.025733167994095276 1 0 0.05000000000000002 0.5 1.25 1.5 0.75 0.11928031367991561
271 2439 0.02412076293908852 1 0 0.05000000000000002 0.5 1.25 1.5 0.75 0.11928031367991561
272 2448 0.020932542075383958 1 0 0.05000000000000002 0.5 1.25 1.5 0.75 0.11928031367991561
273 2457 0.021361958824170548 1 0 0.05000000000000002 0.5 1.25 1.5 0.75 0.11928031367991561
274 2466 0.02085848840383366 1 0 0.05000000000000002 0.5 1.25 1.5 0.75 0.11928031367991561
275 2475 0.018156453893747225 1 0 0.05000000000000002 0.5 1.25 1.5 0.75 0.11928031367991561
276 2484 0.017858225696386267 1 0 0.05000000000000002 0.5 1.25 1.5 0.75 0.11928031367991561
277 2493 0.01877308282577496 1 0 0.05000000000000002 0.5 1.25 1.5 0.75 0.11928031367991561
278 2502 0.017623108381058416 1 0 0.05000000000000002 0.5 1.25 1.5 0.75 0.11928031367991561
279 2511 0.016130919565504876 1 0 0.05000000000000002 0.5 1.25 1.5 0.75 0.11928031367991561
280 2520 0.01432677921846199 1 0 0.05000000000000002 0.5 1.25 1.5 0.75 0.11928031367991561
281 2529 0.015220675099772799 1 0 0.05000000000000002 0.5 1.25 1.5 0.75 0.11928031367991561
282 2538 0.015172864636968795 1 0 0.05000000000000002 0.5 1.25 1.5 0.75 0.11928031367991561
283 2547 0.01264555597675721 1 0 0.05000000000000002 0.5 1.25 1.5 0.75 0.11928031367991561
284 2556 0.011457498781608845 1 0 0.05000000000000002 0.5 1.25 1.5 0.75 0.11928031367991561
285 2565 0.011534478645897555 1 0 0.05000000000000002 0.5 1.25 1.5 0.75 0.11928031367991561
286 2574 0.011156202158246486 1 0 0.05000000000000002 0.5 1.25 1.5 0.75 0.11928031367991561
287 2583 0.012696292097732334 1 0 0.05000000000000002 0.5 1.25 1.5 0.75 0.11928031367991561
288 2592 0.014747819223892764 1 0 0.05000000000000002 0.5 1.25 1.5 0.75 0.11928031367991561
289 2601 0.016852499446076284 1 0 0.05000000000000002 0.5 1.25 1.5 0.75 0.11928031367991561
290 2610 0.017228732797963383 1 0 0.05000000000000002 0.5 1.25 1.5 0.75 0.11928031367991561
291 2619 0.0157928006459075 1 0 0.05000000000000002 0.5 1.25 1.5 0.75 0.11928031367991561
292 2628 0.015296148629621012 1 0 0.05000000000000002 0.5 1.25 1.5 0.75 0.11928031367991561
293 2637 0.01372745982476511 1 0 0.05000000000000002 0.5 1.25 1.5 0.75 0.11928031367991561
294 2646 0.01304389023677277 1 0 0.05000000000000002 0.5 1.25 1.5 0.75 0.11928031367991561
295 2655 0.012973647870223506 1 0 0.05000000000000002 0.5 1.25 1.5 0.75 0.11928031367991561
296 2664 0.014927028119816914 1 0 0.05000000000000002 0.5 1.25 1.5 0.75 0.11928031367991561
297 2673 0.01571265522886416 1 0 0.05000000000000002 0.5 1.25 1.5 0.75 0.11928031367991561
298 2682 0.015850958344479214 1 0 0.05000000000000002 0.5 1.25 1.5 0.75 0.11928031367991561
299 2691 0.015234060757740841 1 0 0.05000000000000002 0.5 1.25 1.5 0.75 0.11928031367991561
300 2700 0.016017112450653934 1 0 0.05000000000000002 0.5 1.25 1.5 0.75 0.11928031367991561
301 2709 0.02016269219202849 1 0 0.05000000000000002 0.5 1.25 1.5 0.75 0.11928031367991561
302 2718 0.02315929046446695 1 0 0.05000000000000002 0.5 1.25 1.5 0.75 0.11928031367991561
303 2727 0.02618862039652913 1 0 0.05000000000000002 0.5 1.25 1.5 0.75 0.11928031367991561
304 2736 0.026679554943581932 1 0 0.05000000000000002 0.5 1.25 1.5 0.75 0.11928031367991561
305 2745 0.024392086670721645 1 0 0.05000000000000002 0.5 1.25 1.5 0.75 0.11928031367991561
306 2754 0.021849201623053337 1 0 0.05000000000000002 0.5 1.25 1.5 0.75 0.11928031367991561
307 2763 0.019693702303578857 1 0 0.05000000000000002 0.5 1.25 1.5 0.75 0.11928031367991561
308 2772 0.01814579762994778 1 0 0.05000000000000002 0.5 1.25 1.5 0.75 0.11928031367991561
309 2781 0.015767080692933925 1 0 0.05000000000000002 0.5 1.25 1.5 0.75 0.11928031367991561
310 2790 0.016708035116362152 1 0 0.05000000000000002 0.5 1.25 1.5 0.75 0.11928031367991561
311 2799 0.0172311368665267 1 0 0.05000000000000002 0.5 1.25 1.5 0.75 0.11928031367991561
312 2808 0.018746012601919035 1 0 0.05000000000000002 0.5 1.25 1.5 0.75 0.11928031367991561
313 2817 0.018847062720166907 1 0 0.05000000000000002 0.5 1.25 1.5 0.75 0.11928031367991561
314 2826 0.020779509063324344 1 0 0.05000000000000002 0.5 1.25 1.5 0.75 0.11928031367991561
315 2835 0.02267932520512635 1 0 0.05000000000000002 0.5 1.25 1.5 0.75 0.11928031367991561
316 2844 0.021012904748794855 1 0 0.05000000000000002 0.5 1.25 1.5 0.75 0.11928031367991561
317 2853 0.018095188549397904 1 0 0.05000000000000002 0.5 1.25 1.5 0.75 0.11928031367991561
318 2862 0.017269996357367774 1 0 0.05000000000000002 0.5 1.25 1.5 0.75 0.11928031367991561
319 2871 0.015738305101283146 1 0 0.05000000000000002 0.5 1.25 1.5 0.75 0.11928031367991561
320 2880 0.014886782132695757 1 0 0.05000000000000002 0.5 1.25 1.5 0.75 0.11928031367991561
321 2889 0.014066680234140951 1 0 0.05000000000000002 0.5 1.25 1.5 0.75 0.11928031367991561
322 2898 0.014360578890154579 1 0 0.05000000000000002 0.5 1.25 1.5 0.75 0.11928031367991561
323 2907 0.013718996735727679 1 0 0.05000000000000002 0.5 1.25 1.5 0.75 0.11928031367991561
324 2916 0.013393649062191886 1 0 0.05000000000000002 0.5 1.25 1.5 0.75 0.11928031367991561
325 2925 0.0121121120578799 1 0 0.05000000000000002 0.5 1.25 1.5 0.75 0.11928031367991561
326 2934 0.011669396811286108 1 0 0.05000000000000002 0.5 1.25 1.5 0.75 0.11928031367991561
327 2943 0.01172487558428723 1 0 0.05000000000000002 0.5 1.25 1.5 0.75 0.11928031367991561
328 2952 0.01061236008715918 1 0 0.05000000000000002 0.5 1.25 1.5 0.75 0.11928031367991561
329 2961 0.009629817029110444 1 0 0.05000000000000002 0.5 1.25 1.5 0.75 0.11928031367991561
330 2970 0.0081831536810972 1 0 0.05000000000000002 0.5 1.25 1.5 0.75 0.11928031367991561
331 2979 0.006935075672785439 1 0 0.05000000000000002 0.5 1.25 1.5 0.75 0.11928031367991561
332 2988 0.006429278647083853 1 0 0.05000000000000002 0.5 1.25 1.5 0.75 0.11928031367991561
333 2997 0.00547040907352048 1 0 0.0002520457765434917 0.0002036146553535408 5.36149717217606 0.0009654373059301973 0.002714120162261989 0.001543154590686628
334 3006 0.004953822298362606 1 0 0.0002520457765434917 0.0002036146553535408 5.36149717217606 0.0009654373059301973 0.002714120162261989 0.001543154590686628
335 3015 0.004319187691923293 1 0 0.0002520457765434917 0.0002036146553535408 5.36149717217606 0.0009654373059301973 0.002714120162261989 0.001543154590686628
336 3024 0.0040074022344810814 1 0 0.0002520457765434917 0.0002036146553535408 5.36149717217606 0.0009654373059301973 0.002714120162261989 0.001543154590686628
337 3033 0.0038974700560942175 1 0 0.0002520457765434917 0.0002036146553535408 5.36149717217606 0.0009654373059301973 0.002714120162261989 0.001543154590686628
338 3042 0.0034840828898724976 1 0 0.0002520457765434917 0.0002036146553535408 5.36149717217606 0.0009654373059301973 0.002714120162261989 0.001543154590686628
339 3051 0.003158666286734363 1 0 0.0002520457765434917 0.0002036146553535408 5.36149717217606 0.0009654373059301973 0.002714120162261989 0.001543154590686628
340 3060 0.0030131259005394474 1 0 0.0002520457765434917 0.0002036146553535408 5.36149717217606 0.0009654373059301973 0.002714120162261989 0.001543154590686628
341 3069 0.0027552280592595033 1 0 0.0002520457765434917 0.0002036146553535408 5.36149717217606 0.0009654373059301973 0.002714120162261989 0.001543154590686628
342 3078 0.002531259626275015 1 0 0.0002520457765434917 0.0002036146553535408 5.36149717217606 0.0009654373059301973 0.002714120162261989 0.001543154590686628
343 3087 0.0022794864215810394 1 0 0.0002520457765434917 0.0002036146553535408 5.36149717217606 0.0009654373059301973 0.002714120162261989 0.001543154590686628
344 3096 0.002318612315386925 1 0 0.0002520457765434917 0.0002036146553535408 5.36149717217606 0.0009654373059301973 0.002714120162261989 0.001543154590686628
345 3105 0.001929797017167483 1 0 0.0002520457765434917 0.0002036146553535408 5.36149717217606 0.0009654373059301973 0.002714120162261989 0.001543154590686628
346 3114 0.001700955937227377 1 0 0.0002520457765434917 0.0002036146553535408 5.36149717217606 0.0009654373059301973 0.002714120162261989 0.001543154590686628
347 3123 0.0014514668818975981 1 0 0.0002520457765434917 0.0002036146553535408 5.36149717217606 0.0009654373059301973 0.002714120162261989 0.001543154590686628
348 3132 0.0012531368461057507 1 0 0.0002520457765434917 0.0002036146553535408 5.36149717217606 0.0009654373059301973 0.002714120162261989 0.001543154590686628
349 3141 0.0010616507920757426 1 0 0.0002520457765434917 0.0002036146553535408 5.36149717217606 0.0009654373059301973 0.002714120162261989 0.001543154590686628
350 3150 0.0008908949983181505 1 0 0.0002520457765434917 0.0002036146553535408 5.36149717217606 0.0009654373059301973 0.002714120162261989 0.001543154590686628
351 3159 0.0007991737862869522 1 0 0.0002520457765434917 0.0002036146553535408 5.36149717217606 0.0009654373059301973 0.002714120162261989 0.001543154590686628
352 3168 0.0007656219856441215 1 0 0.0002520457765434917 0.0002036146553535408 5.36149717217606 0.0009654373059301973 0.002714120162261989 0.001543154590686628
353 3177 0.0007390154661664857 1 0 0.0002520457765434917 0.0002036146553535408 5.36149717217606 0.0009654373059301973 0.002714120162261989 0.001543154590686628
354 3186 0.0007632751900772035 1 0 0.0002520457765434917 0.0002036146553535408 5.36149717217606 0.0009654373059301973 0.002714120162261989 0.001543154590686628
355 3195 0.0006559422183129733 1 0 0.0002520457765434917 0.0002036146553535408 5.36149717217606 0.0009654373059301973 0.002714120162261989 0.001543154590686628
356 3204 0.0007177990526820711 1 0 0.0002520457765434917 0.0002036146553535408 5.36149717217606 0.0009654373059301973 0.002714120162261989 0.001543154590686628
357 3213 0.0006680551662076813 1 0 0.0002520457765434917 0.0002036146553535408 5.36149717217606 0.0009654373059301973 0.002714120162261989 0.001543154590686628
358 3222 0.0006025980906255448 1 0 0.0002520457765434917 0.0002036146553535408 5.36149717217606 0.0009654373059301973 0.002714120162261989 0.001543154590686628
359 3231 0.0005726109913076772 1 0 0.0002520457765434917 0.0002036146553535408 5.36149717217606 0.0009654373059301973 0.002714120162261989 0.001543154590686628
360 3240 0.0006207614645809345 1 0 0.0002520457765434917 0.0002036146553535408 5.36149717217606 0.0009654373059301973 0.002714120162261989 0.001543154590686628
361 3249 0.0006187130312823448 1 0 0.0002520457765434917 0.0002036146553535408 5.36149717217606 0.0009654373059301973 0.002714120162261989 0.001543154590686628
362 3258 0.0006440120500280927 1 0 0.0002520457765434917 0.0002036146553535408 5.36149717217606 0.0009654373059301973 0.002714120162261989 0.001543154590686628
363 3267 0.0006195302959277297 1 0 0.0002520457765434917 0.0002036146553535408 5.36149717217606 0.0009654373059301973 0.002714120162261989 0.001543154590686628
364 3276 0.000575970953299386 1 0 0.0002520457765434917 0.0002036146553535408 5.36149717217606 0.0009654373059301973 0.002714120162261989 0.001543154590686628
365 3285 0.0005228232046214892 1 0 0.0002520457765434917 0.0002036146553535408 5.36149717217606 0.0009654373059301973 0.002714120162261989 0.001543154590686628
366 3294 0.0005452413296366797 1 0 0.0002520457765434917 0.0002036146553535408 5.36149717217606 0.0009654373059301973 0.002714120162261989 0.001543154590686628
367 3303 0.0005116668660684223 1 0 0.0002520457765434917 0.0002036146553535408 5.36149717217606 0.0009654373059301973 0.002714120162261989 0.001543154590686628
368 3312 0.0005459320921354793 1 0 0.0002520457765434917 0.0002036146553535408 5.36149717217606 0.0009654373059301973 0.002714120162261989 0.001543154590686628
369 3321 0.0005012183856554538 1 0 0.0002520457765434917 0.0002036146553535408 5.36149717217606 0.0009654373059301973 0.002714120162261989 0.001543154590686628
370 3330 0.0005009980284299878 1 0 0.0002520457765434917 0.0002036146553535408 5.36149717217606 0.0009654373059301973 0.002714120162261989 0.001543154590686628
371 3339 0.0005314343686099132 1 0 0.0002520457765434917 0.0002036146553535408 5.36149717217606 0.0009654373059301973 0.002714120162261989 0.001543154590686628
372 3348 0.0005112518002673205 1 0 0.0002520457765434917 0.0002036146553535408 5.36149717217606 0.0009654373059301973 0.002714120162261989 0.001543154590686628
