% # columns="iteration, evaluation, sigma, void, void,  stds==sigma*sigma_vec.scaling*sqrt(diag(C))", seed=769447, Thu Nov 23 14:35:31 2023, <python>{}</python>
1 9 0.09893273964473287 0 0 0.0049082308511198556 0.05033636695463233 0.1284121080155253 0.14525310674151695 0.07189437994132405 0.012195984781112544
2 18 0.1326884341178449 0 0 0.00670876736578931 0.06341022376488042 0.1828061178256787 0.19135154490917544 0.09783165767535067 0.01849365978456987
3 27 0.1727447026542948 0 0 0.008585516231252397 0.08113235243204524 0.23175261972424221 0.25296691150309025 0.13891601155745786 0.023779443257295113
4 36 0.22349479823986854 0 0 0.011388307090313571 0.10187178472376099 0.31758767744486516 0.311844650041347 0.1838084184603315 0.029695263606938794
5 45 0.24659352972809329 0 0 0.012821552323169165 0.10115462878363711 0.34312786211235835 0.3500830041842994 0.20093589439370418 0.03307151819192635
6 54 0.29246490771203343 0 0 0.015536664380653471 0.11934275183465862 0.4092593999301045 0.378251752854937 0.24104440190746138 0.043394177796900434
7 63 0.3328240102726892 0 0 0.0182894368316574 0.1450752263723567 0.47305532308900894 0.4141631422705382 0.2662099879812155 0.04929735384890395
8 72 0.3958848658294521 0 0 0.02182854158932363 0.19011812298113925 0.5128194033017481 0.46857976373056764 0.3430884679501123 0.060200689115662676
9 81 0.43260316862240406 0 0 0.023676581227302086 0.20386877964851063 0.5473524800768984 0.5113697085587514 0.3789156802820398 0.061251875767489965
10 90 0.4448316822930563 0 0 0.023740701896383495 0.20173208347132493 0.5542807163937394 0.5656552067821903 0.38429151198338235 0.06427832776370201
11 99 0.49269906962158233 0 0 0.027022331909266787 0.20810145336586036 0.6967736851114653 0.6263121981666575 0.420901099025766 0.06968462714885311
12 108 0.448898658526689 0 0 0.024978649992886574 0.18219010491265777 0.6456577908708558 0.5456571877340967 0.35374619273796654 0.06285437109274698
13 117 0.37528144578244704 0 0 0.020913156908444405 0.14187067874381395 0.52604924446489 0.43886947326027154 0.2954688452827735 0.05199252782565598
14 126 0.35576686430521604 0 0 0.02015344050567701 0.1283676001354713 0.49709208519781894 0.4020621122148855 0.2787534187480522 0.048529577382940885
15 135 0.3452323575850314 0 0 0.01941759955924774 0.12112115337488537 0.47367614129200813 0.3654374214368478 0.2707014479966613 0.046805819942223915
16 144 0.3582671241756365 0 0 0.02051008348173511 0.12089153728294773 0.4965661573655901 0.3565594293985827 0.313618614367071 0.04667827800188174
17 153 0.3342751567894077 0 0 0.019292646343093404 0.11076218416442572 0.4615055420446195 0.3208736055107151 0.28098186248313184 0.043174164566062184
18 162 0.40083968068316805 0 0 0.02259201312115818 0.1426636916720321 0.5690836212598424 0.36964026313280623 0.39557310770440735 0.053765397701548485
19 171 0.46054286716071485 0 0 0.02637287479742988 0.15992380533764997 0.6323897343400826 0.4134259919907024 0.47520083815959646 0.065909509237408
20 180 0.4548775897331038 0 0 0.02447448729351394 0.14950723278119782 0.6129904400972261 0.39252307356649646 0.46838827570912117 0.06372093998998371
21 189 0.46072430665786995 0 0 0.024524939138204957 0.14302286833184613 0.608019479126228 0.40181479945758325 0.4663512410395764 0.061366630992260286
22 198 0.505315877100194 0 0 0.028173014674830014 0.1489508852503088 0.6475844320016677 0.49017223945112853 0.5062975254572383 0.0678219209819957
23 207 0.5610825593145008 0 0 0.03035755607937657 0.15252584084002638 0.7213224909568836 0.5783388687621408 0.5483715306754489 0.07622017323422524
24 216 0.6366451674113096 0 0 0.03396574701404764 0.1620683947395293 0.8445412691893229 0.737435996117312 0.5876967217791491 0.0842118317084083
25 225 0.584982189223014 0 0 0.03161195623692918 0.14905549457944434 0.6995913149788446 0.6729642833691021 0.5176685356002401 0.0785509728459092
26 234 0.5510974189546164 0 0 0.030004412052462005 0.13501827763472843 0.6879462779093585 0.603969195486558 0.43885622403210134 0.07426683961009085
27 243 0.522202557927915 0 0 0.027960669422134186 0.11868224409883998 0.6249622653924987 0.6096130107198772 0.40100005634959035 0.06795163551039539
28 252 0.5205439258832075 0 0 0.027184949881066664 0.11459215044407597 0.6223444056610298 0.6590784958705936 0.3937963931539074 0.06459372986962464
29 261 0.44066820988787997 0 0 0.02247957104389402 0.09254378850219515 0.513765522100356 0.5644905060226602 0.31720803693168276 0.05490096353246835
30 270 0.45689377767099953 0 0 0.023973632847262154 0.08918168180895382 0.5411389738217419 0.545952495353961 0.3464390028739131 0.05931714469024267
31 279 0.400956258798931 0 0 0.02022548558894159 0.07698483984156825 0.48390768736069356 0.47611885726421344 0.3124589482285912 0.05102758089112228
32 288 0.3798846782387792 0 0 0.01908113899449443 0.0677218508933514 0.4547015265218577 0.4357570441706925 0.3024248301987209 0.049736735615621495
33 297 0.30716839316984057 0 0 0.015119759393610627 0.051640338538362585 0.3571161989044485 0.3507505203960467 0.2351973744180193 0.040216720185386585
34 306 0.297089135022025 0 0 0.014474707382890119 0.04912903288394197 0.3368345183870307 0.3140758758712942 0.22813771134088137 0.04037192132434666
35 315 0.30468715768558213 0 0 0.016466971478016217 0.05051703684138916 0.3319733766678797 0.3007233135813966 0.23813211867486125 0.04023048607056944
36 324 0.31797521804271833 0 0 0.018476730132996517 0.05059895499294844 0.3403627950196546 0.3015884972981184 0.25216362912587115 0.04261323883520574
37 333 0.2879186895379915 0 0 0.016666956132430955 0.043624797171187585 0.2904528209204831 0.27062333328885335 0.22742471029174693 0.038082261522319485
38 342 0.25545867216749213 0 0 0.014532310815391318 0.036541585680692865 0.259636430586231 0.22811166125346993 0.199366610962642 0.03251505933111906
39 351 0.2145421773400294 0 0 0.012107688740823744 0.03004161019187851 0.21790226416773706 0.1819493852017965 0.16407921518894575 0.026308209774164086
40 360 0.19336669323752292 0 0 0.010873988978669959 0.025421676801577593 0.19233528695326366 0.16322960825225644 0.14593481689625376 0.023559716178501004
41 369 0.19272138719886375 0 0 0.011111356847605173 0.025659883253192017 0.19906435414898485 0.15487785594179973 0.1464232058124563 0.023569332438344234
42 378 0.1619539280499046 0 0 0.009310231875238526 0.020749763774035916 0.1587970811413768 0.12911158738424253 0.11938041757946612 0.020157108935060966
43 387 0.14071587968508237 0 0 0.007914449336016283 0.01804683337636525 0.13577230858846964 0.1095938462507 0.10295569469587458 0.0170920646616867
44 396 0.13200876178527376 0 0 0.007413919383563966 0.016756613301069454 0.12902320068721437 0.09390602775202933 0.09696117625627429 0.016006921714718715
45 405 0.11125863568277015 0 0 0.006307617871721687 0.013993739055435436 0.10626689495430618 0.07564346392466505 0.07462015068053596 0.013170275078866566
46 414 0.10364835751191359 0 0 0.005611135710573443 0.012117677448286563 0.10068919779544884 0.06947328412823946 0.07473389828338596 0.011156359506963628
47 423 0.09771693056006736 0 0 0.0052000287557222805 0.011494676553709164 0.09430444074625811 0.06388662972692122 0.06721618200821382 0.011160897256556874
48 432 0.1152684193810126 0 0 0.005971136998023444 0.013602697891797676 0.10900205715648088 0.07051077022529856 0.08208223750357342 0.014244355464285196
49 441 0.13766691914181145 0 0 0.0071589170558253815 0.01619201470473379 0.13068242847483433 0.08221219703335933 0.10053675094053499 0.0175890360417144
50 450 0.13257880387470874 0 0 0.006997994315928456 0.015487009891608904 0.12561602620429205 0.07605338273547613 0.09620923804132721 0.016413307706633736
51 459 0.12860941542453452 0 0 0.006895740449157294 0.015530980746760133 0.12264115446633012 0.07051681900385619 0.09299055227176022 0.01621333712104505
52 468 0.11097341889759754 0 0 0.005841885290373014 0.01295939720964056 0.10270024106008435 0.06106364260365741 0.07971745649966454 0.013759238010173414
53 477 0.10803803447459559 0 0 0.0060302423186295705 0.013204356802973655 0.09951144593823716 0.05994353934228582 0.07755737865063185 0.013804565533895714
54 486 0.10943343405434722 0 0 0.005719424996329759 0.01385741985814364 0.10249348300189581 0.05858674584842507 0.07849634519973113 0.015660090749745906
55 495 0.1215172372447821 0 0 0.006437487247895764 0.01777279518822266 0.11502339075510226 0.062347218652471614 0.08398858244593023 0.019764406398444505
56 504 0.15729767667210634 0 0 0.00857502833488813 0.024922312185006297 0.15349409838496075 0.080078470857709 0.10718121663516003 0.02872259587215584
57 513 0.18484004375631338 0 0 0.009978471840494618 0.029381407957499394 0.1799672713359203 0.09030355698737706 0.12551786915303625 0.034318710107600015
58 522 0.18698902842326956 0 0 0.009858882605598104 0.028685991143843965 0.1815949779182437 0.08986575457853431 0.11972340582733496 0.034319443454525575
59 531 0.1882850116597886 0 0 0.010021323427172145 0.02853268021481705 0.17622470664977014 0.08995007416624358 0.12156537074468711 0.03434096240289782
60 540 0.19200783988889514 0 0 0.009707425631388641 0.030276247319965376 0.17090064202239155 0.08996423162846286 0.11916892390317624 0.03720944104303459
61 549 0.20029237289233384 0 0 0.009845443834425241 0.032882582247594834 0.17763012921046764 0.09314594509677585 0.12322934274875845 0.0410332728145276
62 558 0.1869222153070778 0 0 0.008907030821137933 0.0317646889926393 0.1667482665396946 0.08172931558268372 0.1125581796292521 0.03995562487646926
63 567 0.17455135176695769 0 0 0.008191939203543639 0.028726203191247336 0.15760472713699578 0.07429808663233432 0.10020818554045581 0.036177161061660426
64 576 0.1710288358619519 0 0 0.007990543627656279 0.028994556278705497 0.1525804681301391 0.07369790793008381 0.09134052210429207 0.036850901904088074
65 585 0.16933931480077946 0 0 0.008142733415549221 0.02910081439350066 0.15186142080197795 0.0692045790517432 0.08973446540035916 0.03743241060536812
66 594 0.1704123672523613 0 0 0.008164126840623327 0.030155704093327056 0.15554780337267912 0.0681909936295036 0.09745577742953197 0.03922728146679226
67 603 0.15599287248399601 0 0 0.007148284678481442 0.025485486202355398 0.14250987946305363 0.057955922121575895 0.09264054944162818 0.032903098242967735
68 612 0.14986762677047416 0 0 0.0064851037421434455 0.02208722997504731 0.1319423852484409 0.05565192635737667 0.08604074969844351 0.02950610471306781
69 621 0.15150474545699694 0 0 0.006593957096897652 0.021607650817010694 0.13973643563522084 0.055199605446281434 0.07642720904368899 0.029061761804617073
70 630 0.14055160157814467 0 0 0.005920863270149024 0.019273728751913348 0.13348153738006804 0.04850664822463046 0.07056709851854094 0.02626850931601666
71 639 0.1368808979461171 0 0 0.005645038778682152 0.017672166306562136 0.13435403346490715 0.0462311569617231 0.07187570886004023 0.02371006059224565
72 648 0.11622901384973684 0 0 0.004571282674935177 0.0143898872898137 0.11526382903588417 0.03616321366403395 0.05969916422611282 0.01942530647442735
73 657 0.1075343393255182 0 0 0.004238150445654887 0.012720586763665751 0.10272134036907238 0.032615000268230006 0.05515204487407974 0.01688909684748141
74 666 0.10712731677722824 0 0 0.004448986427446901 0.01281513536164107 0.1018012432892247 0.03090887465517101 0.05307204878918969 0.01666083083104854
75 675 0.1013854815834911 0 0 0.004131093441875195 0.01190874877355461 0.09591109673562791 0.029387381996647782 0.048196977456786694 0.015598627410284447
76 684 0.09934661514183943 0 0 0.0038392597846321824 0.01090762462280301 0.09307979125279182 0.02844899509449927 0.04597750317854309 0.014485443079014965
77 693 0.10704058456936803 0 0 0.0041296251231521955 0.011592672618878292 0.10226153989793985 0.028727452638800003 0.05168924257957176 0.015421868536328962
78 702 0.12211355918160066 0 0 0.0045671675408390875 0.011853921253422578 0.11437574626299218 0.030615292064569616 0.059192429279147016 0.016677388020253557
79 711 0.13694698555504986 0 0 0.005020762039308397 0.01226749902316975 0.1236869386813829 0.03398471353568338 0.06645152936017294 0.017965787313350412
80 720 0.13619429640781663 0 0 0.004901442068466883 0.01078258586500061 0.12892314570706093 0.034559199354081 0.06687426631311777 0.017162979145359
81 729 0.13698862081367089 0 0 0.004717443156060306 0.010602491305967193 0.13350238544404236 0.03310382101670892 0.07080199169848439 0.016729770719584765
82 738 0.12639399985567767 0 0 0.004302548817779862 0.008612924815583458 0.12045895402733837 0.030112085017234294 0.06398324624522665 0.013826000850879634
83 747 0.1211297657573386 0 0 0.003956654151838275 0.008187771745896712 0.11065337485639937 0.027365424225826662 0.060052236008828204 0.012971430047029804
84 756 0.1074800380678468 0 0 0.0033855879123842335 0.006828339156102618 0.1060808405257872 0.023904862895487104 0.0510987177808515 0.010622740326718024
85 765 0.09404874924228035 0 0 0.0028856482108418225 0.005484627841465686 0.09306220114381519 0.02033745071515607 0.044396923990803784 0.008903846565280414
86 774 0.0786731538468676 0 0 0.002348854571440668 0.004515893375834756 0.07416752158029905 0.01635002145204626 0.03748487973468868 0.007478320800763974
87 783 0.07578241302423724 0 0 0.002208615818177979 0.004128963792261917 0.07340780025954904 0.015806494929210123 0.0372552434860297 0.006984743600801753
88 792 0.06978947202536535 0 0 0.002057047600988718 0.0037607634859736796 0.07021543267894519 0.014731804633157961 0.031509263054617535 0.006767056481393839
89 801 0.06482997032666674 0 0 0.0018249438312202212 0.0034051019794758214 0.06481507927788262 0.013669690394659246 0.029720141759487503 0.0059921140889467265
90 810 0.061049531040647136 0 0 0.0017623193027930468 0.0031134209536901793 0.060409806128922806 0.012620411069868694 0.026712276847178324 0.005465341272759155
91 819 0.05167611084723833 0 0 0.001432551188499502 0.0024023919190552996 0.05140395934478815 0.009830923091293284 0.022492440297449595 0.004384266056183015
92 828 0.056661015193923504 0 0 0.0015825578460522377 0.002513062456490037 0.05656800796276873 0.011083120454332273 0.025252186918357185 0.004850587870580392
93 837 0.05462866749465476 0 0 0.0015550916049359082 0.0024361237532055683 0.05481313126598421 0.010332903037229862 0.02404888059303093 0.004574651101279759
94 846 0.05739677294098904 0 0 0.0016031952097485093 0.0024366899792171897 0.06014791998191845 0.010399507525110568 0.0250444138057801 0.004549028696482089
95 855 0.06263371580264529 0 0 0.0017119132070989743 0.0026217112969830975 0.0683945837558177 0.011334828098351334 0.02703838907325639 0.005053213045998254
96 864 0.058668603220374274 0 0 0.0015851808121936726 0.0023872912349942425 0.06386920479490148 0.009896277483067794 0.026134285554178495 0.004517975452651633
97 873 0.06302363608999652 0 0 0.0016649070681172703 0.002617751048077955 0.07023695384649337 0.010428923359944636 0.028240301584591742 0.00491966873362903
98 882 0.06967327576433018 0 0 0.001922740005899147 0.003132080722926692 0.07793005845863402 0.010827633667923667 0.031143014591558927 0.005754133171822427
99 891 0.08248891963881338 0 0 0.002317696323948109 0.00406285709699863 0.09083484197373397 0.01282110576270674 0.03447255470092231 0.007882211392628378
100 900 0.08569872496070975 0 0 0.002445814872322537 0.003781359657532688 0.09458650726962543 0.01370489255140194 0.03464826407699534 0.007840610785630536
101 909 0.08182860876032219 0 0 0.0023625173020980295 0.003576746701101649 0.08987223637293452 0.012764413052760692 0.03181117910612065 0.007369067365123605
102 918 0.0989253096807566 0 0 0.0026563884034638847 0.004315851557197703 0.11677355350108329 0.015011134921196531 0.035954199032790665 0.010081986363311968
103 927 0.1027082931901073 0 0 0.002731093637520106 0.004310324498564495 0.12850471695008092 0.01566134330718104 0.036672769473049656 0.010587333501689136
104 936 0.09233495426992626 0 0 0.002415657729334074 0.0037996639311223875 0.10839342165850296 0.013834743016458529 0.032618856588700305 0.009572693767396811
105 945 0.0847231367883323 0 0 0.002201200275780322 0.0032441128448626876 0.10187583913424228 0.012300178076811427 0.029363925069370515 0.008336464766711094
106 954 0.08902199288794449 0 0 0.0022934495100294977 0.0031713178453252186 0.10209758409914646 0.012797315198505818 0.030531537932343027 0.00807066664829299
107 963 0.08283171585971849 0 0 0.0021372246958881866 0.0028437329055541628 0.09458990870801624 0.01185271959277309 0.028107718631592702 0.007100453871239848
108 972 0.0832374635588948 0 0 0.0020845543241595856 0.0028274424079158906 0.09721217715940587 0.011854643233439759 0.029945008227494876 0.007498745176682577
109 981 0.07980427897530816 0 0 0.0020016486692522703 0.002642570404859426 0.09074597383671408 0.011097605540030388 0.028300905066326248 0.007237517170053706
110 990 0.07719174889136211 0 0 0.0018699521687868235 0.002427606365179465 0.08107980456322979 0.010066303132979848 0.026596456847647384 0.007036070177925877
111 999 0.07892701191763069 0 0 0.0018986275452853006 0.0023125175024681214 0.08403238223308002 0.00992154570892829 0.027011183534979062 0.006618345616182774
112 1008 0.08657530505935958 0 0 0.0022231475187004484 0.002382544240880166 0.09424910589740793 0.011002376396244174 0.029805249879767595 0.007418065357014923
113 1017 0.07503110322943995 0 0 0.0019450162245507557 0.002077244605979678 0.07875817638966787 0.008879353893277956 0.024252412493016295 0.006411832361214551
114 1026 0.06607940079569634 0 0 0.0016552405477206719 0.0018034730848396504 0.06940387015831136 0.007733631452605556 0.020765482385342246 0.005516925243185888
115 1035 0.06316121590699839 0 0 0.0014926879292373285 0.0016758966886464967 0.061898257731697104 0.006978421581222847 0.020608594602786995 0.005203581010871429
116 1044 0.06517726358361683 0 0 0.0015461483119318963 0.0016452160146662044 0.06731074458667922 0.007383482761533668 0.021445199964946295 0.005113613610761497
117 1053 0.06147383819072174 0 0 0.0013931216636163762 0.0014049773845444557 0.058885071984612465 0.006741057774515358 0.019397082102978042 0.004745315910517198
118 1062 0.05811321971312348 0 0 0.0013606874841893667 0.0013135950288876768 0.055270406574990466 0.006465491097063073 0.017868402979287653 0.004510914399902617
119 1071 0.052073532084434514 0 0 0.0012122306524059924 0.0010918757103737518 0.04977451205585072 0.005818570561346821 0.016018643316844435 0.0038654167311474195
120 1080 0.04746765538121174 0 0 0.001024524278982854 0.0009672616118994817 0.04530068429129094 0.005397331951004385 0.013782447526268315 0.0034009062875253915
121 1089 0.048922538079187325 0 0 0.0011158464776510747 0.001046102292641229 0.04926552472772943 0.005648597315491914 0.014042346591791072 0.003452325485331339
122 1098 0.04882394950035083 0 0 0.0011176640703390646 0.001016920463388961 0.050813127680047296 0.005754535765198426 0.014178853623964859 0.0032281855008907006
123 1107 0.05204117087634136 0 0 0.0011574174762764922 0.0010365285115321793 0.053107787337886715 0.00594642379298851 0.01416181846010639 0.0034046384667947376
124 1116 0.05459092148480966 0 0 0.0011870064186656109 0.001072470950260467 0.05442428297415 0.00632544524403234 0.013995173916648196 0.003713101734839501
125 1125 0.051830745807623875 0 0 0.0011101437538891252 0.001025595911942907 0.05002616937005304 0.005680707767139661 0.012845708131643896 0.0033278724747246584
126 1134 0.04718027456028003 0 0 0.0009548224158153766 0.00092160930103177 0.04379481193790079 0.005104929789202299 0.011638182851385497 0.0030201750409112912
127 1143 0.049777180413355035 0 0 0.0009805818909457528 0.0009460109162789126 0.043903788516794 0.005251181299891817 0.01124466828342252 0.003589969229035855
128 1152 0.0595499766993006 0 0 0.0011470566094871752 0.001118479843093337 0.053751337811219234 0.006174504869996943 0.013562816223846438 0.004640579719789736
129 1161 0.06810822206459816 0 0 0.0013182806554639238 0.001203660759020308 0.06049730667720504 0.00706050162936633 0.014967175887200094 0.005135222647152337
130 1170 0.07411576466084926 0 0 0.0015336491697936145 0.0013412383029286327 0.06365386454510523 0.00789291037179517 0.01593794561202781 0.005408024622671079
131 1179 0.06848904115289514 0 0 0.0013990548801989615 0.0012246350302662756 0.058040061977729145 0.007196632504637094 0.014577114796943114 0.004790233865555801
132 1188 0.06546449768722783 0 0 0.0012745887003178628 0.0011774227672616796 0.05684695928747835 0.006456345398617779 0.013602435732154644 0.004559543040531043
133 1197 0.06360637002288042 0 0 0.0013008997838463935 0.001166002480142481 0.05355709542645276 0.006327594243818788 0.012588627443485554 0.004060819387899237
134 1206 0.05662083719512913 0 0 0.0011614320791889423 0.0010258053095662891 0.04737561320427774 0.005561170523309478 0.011393992770293716 0.003350317776162748
135 1215 0.051303652383938914 0 0 0.0010373489830190698 0.0009184482670613465 0.04374527508291308 0.005054489693895782 0.009936573085951063 0.0029241643370896643
136 1224 0.04599864208203919 0 0 0.0009204605678034594 0.0007808348534349197 0.039384491776231045 0.0045039485403227855 0.00889827426272091 0.0023416500528906305
137 1233 0.0515437323884587 0 0 0.000940427493349425 0.0008322048618784917 0.04439208473357442 0.004816202545798217 0.010415454437062079 0.0027400540151669506
138 1242 0.05804600178450868 0 0 0.0010538908990686852 0.0008847684938738022 0.04737439291839179 0.005414653726920524 0.011546428430552516 0.0032240254564063855
139 1251 0.05354777726996763 0 0 0.0009263231008063335 0.0008076791963084293 0.042912945601439455 0.004962928142050289 0.01036720634393726 0.002891659510382626
140 1260 0.06366544974714404 0 0 0.0009954680098984293 0.0008934324836747782 0.049107881583876564 0.005578824543033987 0.012683793925927776 0.0037078731526422513
141 1269 0.06821704125524122 0 0 0.0010636315383349213 0.000941898001506578 0.05185381055626331 0.005817888519566514 0.013484830503078147 0.004365399220414904
142 1278 0.06845769193258229 0 0 0.0010733408646016675 0.00091206322528955 0.05343244626734446 0.005327908068846788 0.013101389219292221 0.0044816191279354765
143 1287 0.08217843775781822 0 0 0.0012124088055592128 0.0010631456414881165 0.06775081593442468 0.006295163034513838 0.015136230538753868 0.006056481248853564
144 1296 0.08618044672313631 0 0 0.0012835599618900018 0.001109921048640662 0.06702677147059144 0.006538552284557108 0.01609315411038565 0.006246355143593595
145 1305 0.08165080472320013 0 0 0.0012177885892709242 0.0010571961634895353 0.062038829501205615 0.0060899936363903295 0.01536723567954341 0.005360988595484102
146 1314 0.07610694769099025 0 0 0.001147875096697276 0.0009843520229637123 0.05431165487659893 0.005546282664827342 0.014406417955552883 0.0047239266240705485
147 1323 0.0644349859542028 0 0 0.0009437218214406246 0.000783012982197291 0.046213886777997565 0.004447097504224298 0.011959338575824978 0.004033452956101463
148 1332 0.05619461874788634 0 0 0.0007868338866026188 0.0006751632480999942 0.040088397710128405 0.0038025832121763377 0.010447536029711085 0.003491007934256688
149 1341 0.05736157210541998 0 0 0.0007897810032777045 0.000671025078460699 0.04044013889668146 0.0036046032521024145 0.010769046472598942 0.003745856049475993
150 1350 0.058624999965390064 0 0 0.0008027360776642489 0.0006762269539793708 0.04603685006576954 0.0035708850914455315 0.010990344014780485 0.00370090361461541
151 1359 0.04816812655526299 0 0 0.0006113725838984177 0.0005119469440535308 0.03806980521451486 0.0027187279411753024 0.008909404354146961 0.003015790077258193
152 1368 0.04391543368651101 0 0 0.0005484248235217672 0.00045830710501023377 0.033695466601420025 0.0022736746472840352 0.008533859328972283 0.00270483811186606
153 1377 0.04214306336500219 0 0 0.0005209285603677222 0.0004308799231479759 0.032382045842687605 0.0021315933529449066 0.00831316710722756 0.002631766564795106
154 1386 0.037222723368896336 0 0 0.0004511688295502402 0.00037406253793295755 0.028300847027165153 0.0018638697740664867 0.0067045301159924285 0.002264689504480123
155 1395 0.03556688148325626 0 0 0.0004289850125454414 0.00035792073252352227 0.02704846739160746 0.0018721634958010587 0.006098353423016159 0.001997027287458422
156 1404 0.03176198385106717 0 0 0.0003545782650723864 0.00029943970114015963 0.023291359658476472 0.0016359205731002104 0.005248168635162562 0.00176857623723748
157 1413 0.028043071319880236 0 0 0.00029383491778629513 0.00023671233734293116 0.020177962340915675 0.0014783367053104355 0.0044690950762178465 0.0015652839683546822
158 1422 0.02615362637250663 0 0 0.00026120988731395006 0.000216660207403898 0.017983837939271354 0.0013948645883933236 0.003960363891393764 0.0013399426703863209
159 1431 0.022787506226710084 0 0 0.00020940836664114717 0.00018171738761563804 0.014979087711746449 0.001196141053207797 0.0033924040674964545 0.0012158508046405533
160 1440 0.018713407336934548 0 0 0.00017330939050435356 0.00014768779065807677 0.012326749457377231 0.000981169606282866 0.002629905513694038 0.0009495760773237452
161 1449 0.01744227684838715 0 0 0.0001610577034833323 0.00013938546119742157 0.01154128036010409 0.000896363852061073 0.0023995064601810448 0.0008706482568318995
162 1458 0.017928930984239883 0 0 0.00017941142681498305 0.0001483785651880014 0.011893976750448223 0.0009146448480298046 0.0023944293708335496 0.0008873630717511232
163 1467 0.019003702006919723 0 0 0.00018761153060359558 0.00015181111505498584 0.013081165836633319 0.0009838049831677493 0.002605618153642686 0.0009286557424512693
164 1476 0.01793337640458175 0 0 0.0001745555667394143 0.00013862524515018205 0.012193941322545448 0.0008728777567367928 0.0024152042189209575 0.0008264888865233527
165 1485 0.016975144567966168 0 0 0.00016548168596053654 0.00013144267959664155 0.011481794416284797 0.0008105101658043429 0.0022419034240988146 0.0007607085539560317
166 1494 0.015463630945160902 0 0 0.00015417869901187503 0.00012128871967737028 0.010534974310511341 0.000713034319328365 0.00195995019400615 0.000719437098003136
167 1503 0.01461671445498682 0 0 0.0001471756154269919 0.0001147624269674999 0.009971983459846727 0.0007026432100191336 0.001785322698348391 0.0006775213967979384
168 1512 0.014841165514450834 0 0 0.00014552689656850224 0.00011448592207058849 0.010097442097783398 0.000729443660204131 0.0016599385600347587 0.0007194088145257121
169 1521 0.01493158723555556 0 0 0.000142620646003123 0.00011371405654181806 0.010301121955741406 0.0007163775499506173 0.001588521399703258 0.0006928914982444404
170 1530 0.012651680706924929 0 0 0.00010884388664374191 8.754952142703872e-05 0.008542357662115961 0.0005701729879619882 0.001344732364804711 0.000560919811802251
171 1539 0.011080309353282409 0 0 9.08986070095108e-05 7.353723511448486e-05 0.00709423380963885 0.00045361566645191583 0.0011813539145937883 0.0004883763927946624
172 1548 0.009033195404089586 0 0 7.027877331156e-05 5.5991036615164256e-05 0.0057842396508135385 0.00036513540615154045 0.0009364513853556217 0.00039353704723813106
173 1557 0.00778219268249727 0 0 5.6868058873331284e-05 4.6109271114412857e-05 0.004753205178528515 0.00030619907540808527 0.0007664053946342152 0.00033248782172872734
174 1566 0.008187447272497055 0 0 6.10554270962101e-05 4.929396862126862e-05 0.005055743136541009 0.0003124689947725708 0.0008356345340659056 0.00034097613167977987
175 1575 0.00981834713908701 0 0 7.251426301127741e-05 5.816309157024942e-05 0.00741095083136414 0.0003819120711979247 0.0009688542333419728 0.00040605274563890306
176 1584 0.010110103380983561 0 0 7.086477770340797e-05 5.700712403056513e-05 0.008094350653534985 0.0003780919643537454 0.0010301173155745998 0.00040288601267312067
177 1593 0.009696791022039094 0 0 6.573029863663739e-05 5.3581123584947574e-05 0.008078442614989195 0.0003648989955863697 0.0009870500239041813 0.0003934020444994263
178 1602 0.00960214637948421 0 0 6.575712481340642e-05 5.27923389631424e-05 0.007586464391691865 0.0003451736751092236 0.0010176731800592806 0.00036316977790586146
179 1611 0.008828781459857504 0 0 5.7488851800070504e-05 4.619827838412727e-05 0.006956028388914557 0.000309571711793879 0.000884293049930275 0.0003275333403369802
180 1620 0.008433761268805242 0 0 5.433976322642541e-05 4.2154702518359454e-05 0.006585104855045405 0.0002960486702824628 0.0008139228606286603 0.00029972987268543026
181 1629 0.009184335605658152 0 0 5.834931805782235e-05 4.559195822125351e-05 0.008372559538592866 0.0003164680134855767 0.000836042816932864 0.00032887715829803797
182 1638 0.009055458047229067 0 0 5.789939482406586e-05 4.51303193863576e-05 0.008430717160976764 0.00032056513956220254 0.0008112545931640799 0.00029372622046556563
183 1647 0.00990849018450003 0 0 6.254029678813166e-05 5.105657893441205e-05 0.009330816403724193 0.00034837346884668014 0.000855491491798945 0.00031297093815189995
184 1656 0.01064729977057848 0 0 6.719070702180362e-05 5.500089666928335e-05 0.01082877387094986 0.00040350848517535184 0.0008622248550112266 0.0003264080757852842
185 1665 0.01129327522377431 0 0 6.568023954235383e-05 5.369428515611862e-05 0.011958471805166392 0.00042298185993102445 0.0008921682022798757 0.0003445367322605734
186 1674 0.012149799471913823 0 0 7.003101900223234e-05 5.575302393434774e-05 0.013805037203246622 0.0004545006834691197 0.0009212325759326425 0.0003473924410281617
187 1683 0.011997521011444441 0 0 6.955956444877882e-05 5.5239168735108884e-05 0.013504358104750598 0.0004517893180164838 0.0008856379573393137 0.0003402533497512792
188 1692 0.012854042759486725 0 0 7.466342151992641e-05 5.905623002733529e-05 0.015504120433855578 0.0004941978163021198 0.0009278788308018841 0.0003592717096775903
189 1701 0.012126629157765368 0 0 6.650521402517009e-05 5.333560268366845e-05 0.014305131088821617 0.000440468587746384 0.0008103904729411626 0.0003376781278248438
190 1710 0.01122235848910355 0 0 6.133429097606944e-05 4.87298397185809e-05 0.01317535688117807 0.00041057698162846125 0.0007285209530045777 0.0002941685056402745
191 1719 0.0113555207925325 0 0 6.155082851212438e-05 4.890651706462436e-05 0.013913817261031448 0.00040197744958079753 0.0007432389220103676 0.0003007183618178448
192 1728 0.013195592992636056 0 0 7.23861242030333e-05 5.733535934037044e-05 0.017482035870933343 0.000481512053534929 0.0008201859193083198 0.00036749134449311975
193 1737 0.015485464373685856 0 0 8.253700404892828e-05 6.560978394330459e-05 0.024736073457001368 0.0006102814582292368 0.0009278768787115328 0.0004160973169619868
194 1746 0.01945042266234561 0 0 0.00010074283695695652 8.18567097537897e-05 0.03192326200861962 0.0007456214406556547 0.0011610223468579712 0.0005266436803806636
195 1755 0.021941378550707998 0 0 0.00010984354454409731 8.953571027268744e-05 0.03643667022224947 0.0008585249204612167 0.0013024706165940354 0.0005888281778410359
196 1764 0.023072014542708488 0 0 0.00011037699292507212 8.880525029752912e-05 0.03845015387583486 0.0009063653702593442 0.0012955887149764254 0.0005945397084906156
197 1773 0.02451824590310065 0 0 0.00011582679472640372 9.355704830965489e-05 0.03946487963737728 0.0009239561561280719 0.0013549673790739722 0.0006036472276520426
198 1782 0.025100635671370643 0 0 0.00011716576279521205 9.576770163370988e-05 0.04058962790415291 0.0009229946141594325 0.0013803031897535463 0.000602381489393421
199 1791 0.02661493564151107 0 0 0.00011997507347447549 9.913803210172063e-05 0.04419590415743757 0.0009812535652495653 0.001506679434191718 0.0006300692336292435
200 1800 0.026040511133920533 0 0 0.00011522801676897202 9.453399689751472e-05 0.042537324582061935 0.0009425473969226331 0.0014049031019599863 0.0006300511795120774
201 1809 0.023782834538011277 0 0 0.00010785781445221306 8.9361950268001e-05 0.03909004593087427 0.0008503317012715493 0.0012461321507782088 0.0005560214556624627
202 1818 0.025349764292751115 0 0 0.00011360440651095732 9.088723005721164e-05 0.04513814885076901 0.000984077601206681 0.0013590692149152395 0.0005842376603817288
203 1827 0.023964900636134438 0 0 0.00010420866219658739 8.309599247054388e-05 0.04246946363629281 0.000928027964551792 0.0012329120043826907 0.000521983613506123
204 1836 0.023113408191523882 0 0 9.593253607845451e-05 7.594034327617832e-05 0.04119473516108016 0.0008989452859146304 0.001135786554393419 0.0004791313862234831
205 1845 0.023773030379487286 0 0 9.61852999240912e-05 7.647643741721389e-05 0.04235197106182032 0.0008831874385221341 0.0011130070433169712 0.00048569889879868783
206 1854 0.02271118567532246 0 0 9.092500281758029e-05 7.234372552686043e-05 0.0398544630454552 0.0008322634638153978 0.0010624134406222246 0.0004615553112741712
207 1863 0.020176990758820342 0 0 8.027201959626093e-05 6.347741897366688e-05 0.03395641300231836 0.0007092237452925861 0.0008803288564358013 0.00039678475134760725
208 1872 0.01884203590323701 0 0 7.318164539281446e-05 5.7963365929089114e-05 0.032680528077146845 0.00066770659682078 0.0007416066611851774 0.0003710422323636217
209 1881 0.017463358765726796 0 0 6.584516435318154e-05 5.3104360362618345e-05 0.0299867012456852 0.0005880574447862128 0.0006298739546844462 0.0003297379104121207
210 1890 0.01699577507697627 0 0 6.248730745255213e-05 4.9799242083429754e-05 0.028940551032683424 0.0005326990293910482 0.000608809516851115 0.0003214240138314524
211 1899 0.016168327289636006 0 0 5.593903115725281e-05 4.500142322538992e-05 0.027823075076810536 0.0004896238419440848 0.0005578609524091169 0.00031478238255173947
212 1908 0.017439367536744403 0 0 6.0468360145422976e-05 4.923989435204904e-05 0.031847591911258695 0.0005297383807558556 0.0005615833359989526 0.00033613519206033275
213 1917 0.021225535311407768 0 0 7.291113379421516e-05 5.975921402817127e-05 0.038496446949882523 0.0006396049902868656 0.0006746575880372618 0.00040050811278210277
214 1926 0.02365620316881173 0 0 7.691380767456047e-05 6.452723308683736e-05 0.041287070214480984 0.0006969778667720135 0.0007381746976313473 0.0004272193978069056
215 1935 0.020458457937015225 0 0 6.374962859256555e-05 5.359201331664119e-05 0.034775534113241385 0.0006028773892876448 0.0006235982092896688 0.00036058524987527777
216 1944 0.018717285819566238 0 0 5.7655729652250095e-05 4.85734126860071e-05 0.030547884431377556 0.0005164923026355043 0.0005693368382372043 0.00032515767550094724
217 1953 0.0197733658150168 0 0 5.996599776109121e-05 5.124375615893662e-05 0.032883739863215876 0.0005332073005045078 0.0005809831300882067 0.00034065496690347896
218 1962 0.024549191229728425 0 0 7.547086476750943e-05 6.464767179160232e-05 0.040543446455768996 0.0006611337285284142 0.0007425565630663527 0.0004135552868186819
219 1971 0.029780235226259662 0 0 9.06215270153774e-05 7.757064062570006e-05 0.05226258302332397 0.0008097971222534768 0.0008834003361822849 0.0004619047640277486
220 1980 0.034193166314368965 0 0 0.00010483307849064164 8.920271049162535e-05 0.06402444989870502 0.0009809518986352566 0.0009537151229459065 0.0005507067420903892
221 1989 0.03928771408732484 0 0 0.00011481471365386754 9.870054337279892e-05 0.07830024655674399 0.0010858009004561739 0.0010673861590901122 0.0006361094192499512
222 1998 0.04150759382936928 0 0 0.00011929020770588421 0.00010280693745142369 0.08256155406532116 0.001093106439555101 0.0010858949604649834 0.000674007874011426
223 2007 0.03890620046441702 0 0 0.00011134940642116214 9.60856297573778e-05 0.0710401613543847 0.0009195034121238811 0.0010378347950937593 0.0006389458341187188
224 2016 0.034642824401725204 0 0 9.638936474195122e-05 8.37975278898603e-05 0.06349653927957946 0.000810901867445739 0.0009222011438219691 0.0005307483134537681
225 2025 0.031502096244966665 0 0 8.543640017421333e-05 7.507741088298195e-05 0.05656569945546749 0.0007020612572051533 0.0008243709388777949 0.00046956100308709266
226 2034 0.03329970701498735 0 0 8.352581449260663e-05 7.41938102731885e-05 0.05960124787060561 0.0007084705308425937 0.0008540940055286146 0.000500012345930176
227 2043 0.030985844345471605 0 0 7.737954933623655e-05 6.83198850392891e-05 0.054698669428251585 0.000643954847686013 0.0008373901725949268 0.00044660085049127134
228 2052 0.025335629334461967 0 0 6.242274913336295e-05 5.4723311662668686e-05 0.043996617028888255 0.0005119445214620749 0.0006708263614254125 0.0003485870492793116
229 2061 0.02180586920861274 0 0 5.116539883828698e-05 4.507515225969654e-05 0.035075108646217774 0.00041333944634615896 0.0005743510959563203 0.0002894035101552202
230 2070 0.023928731981922795 0 0 5.45172914559103e-05 4.691639834481593e-05 0.03950669865326179 0.00044729255091481985 0.000609888487487132 0.0003277755249248778
231 2079 0.029780538292517037 0 0 6.62414215354275e-05 5.8510542273066376e-05 0.051268890786325405 0.0005400913176154025 0.0007767705600532554 0.0003901945447645367
232 2088 0.03766586567381272 0 0 8.200371280057447e-05 7.245926587635922e-05 0.06841759145487668 0.0006798142910021103 0.0009494796770927278 0.0004890590300708766
233 2097 0.04024440109293923 0 0 8.758794902031524e-05 7.798545316859116e-05 0.0698845734016669 0.0006670782638862298 0.001005318363223715 0.0004987416777563832
234 2106 0.03487414775482348 0 0 7.443663665230007e-05 6.651912161993807e-05 0.06066861135141586 0.0005505724439379262 0.0007909372720558139 0.0004347054636046527
235 2115 0.03232435690815129 0 0 6.908945636192472e-05 6.127151823359536e-05 0.055634572996044705 0.0004997135265675746 0.0007255073443667375 0.00038756195147785947
236 2124 0.031518863417578265 0 0 6.77648972432014e-05 5.8725335894327934e-05 0.05553297801629686 0.00047218446295786503 0.0007108355980557225 0.0003655648486856787
237 2133 0.030195728820881864 0 0 6.512571456702594e-05 5.6417186435077587e-05 0.05170539955647278 0.00042730058456555507 0.0006889461566462344 0.0003408003990667781
238 2142 0.03255670548780851 0 0 6.71106928477977e-05 5.8412201009789775e-05 0.05638343726487603 0.00044580194990591874 0.0007408169909710765 0.0003670390601003691
239 2151 0.033544548577229064 0 0 6.717361893965802e-05 5.799525943152695e-05 0.05421588198574173 0.0004511278219434743 0.000833519931085777 0.0003736874487438379
240 2160 0.03553189272749942 0 0 6.509655993279387e-05 5.5851463630073655e-05 0.06368762124574164 0.00048486067755760983 0.000899570162629936 0.00039263752373979507
241 2169 0.03621325801714447 0 0 6.254069806916938e-05 5.3398165603772204e-05 0.06587582146664714 0.00048807691902478433 0.0008482198494199507 0.00040204409649303443
242 2178 0.035467717611217066 0 0 6.045363522602292e-05 5.162652265522989e-05 0.06325945465119495 0.00045113875610560853 0.0008264464567622275 0.00038966866175750423
243 2187 0.03639152974942377 0 0 5.906818543446044e-05 4.99350908524229e-05 0.06787588097049606 0.0004369419740004244 0.000853461920749037 0.0003866887461154814
244 2196 0.03417716811496683 0 0 5.3898095497850883e-05 4.5935477254919476e-05 0.06154939335569862 0.00037195972771588375 0.000793592940807669 0.00034511219066882265
245 2205 0.02904275791513616 0 0 4.121963890933568e-05 3.516894256826677e-05 0.052593064264190845 0.00029896873416361325 0.0006487119589075528 0.0002913222149306172
246 2214 0.029548256977599538 0 0 4.149324197043171e-05 3.554009498616759e-05 0.054029611604272006 0.0003015869161466952 0.000660172162709014 0.0002941030226515104
247 2223 0.03026917285278656 0 0 4.152574072826038e-05 3.543822566581963e-05 0.05574032869161888 0.00030333048317112993 0.0006197185611575745 0.0003006371213785026
248 2232 0.026246638894473137 0 0 3.416225611795507e-05 2.8828684181467973e-05 0.04687541864410088 0.0002510936810744803 0.0005161654279740222 0.0002565398591197159
249 2241 0.02468778317864465 0 0 3.1356379364110366e-05 2.6257820815009443e-05 0.045970722018875476 0.00023856398853177487 0.0004877343576037711 0.00023075430568534437
250 2250 0.025334298749976673 0 0 3.276006629660788e-05 2.694989360926651e-05 0.05006799013003851 0.00023791990558399945 0.0004934344482925738 0.00021482674381708867
251 2259 0.02369814772846093 0 0 3.0214889973211428e-05 2.531466136251725e-05 0.04802000857826233 0.00019588066541872186 0.00046517886567452817 0.00020244828373746807
252 2268 0.023836499867484717 0 0 2.9921073786378148e-05 2.5176148372751e-05 0.05210939918328431 0.0001940531035084308 0.00045674860006599324 0.00018965103010335768
253 2277 0.027267837642205056 0 0 3.526258987308917e-05 2.919494737631983e-05 0.06646823938960894 0.00022783870620349193 0.0004988188087453394 0.00021414022726809514
254 2286 0.03161330875291067 0 0 4.111099604755485e-05 3.296532829416314e-05 0.08230946447040087 0.00025803849967332093 0.0005605055274602544 0.0002455468676425192
255 2295 0.03014880161865061 0 0 3.640778046474111e-05 2.865410382422554e-05 0.0788514946313286 0.00024459100588641327 0.0005234351460181194 0.00022220527918007303
256 2304 0.029706543566456526 0 0 3.5179934260766856e-05 2.7217213900386136e-05 0.0820687877849862 0.0002523101004600032 0.0005165327530823817 0.00021909894870321642
257 2313 0.028284773355441745 0 0 3.196370386844952e-05 2.50861211928426e-05 0.07897850496240907 0.00023333454983553366 0.0004948637053034911 0.00019975462967414435
258 2322 0.028767095515666277 0 0 3.1875103341676066e-05 2.5204769902461372e-05 0.08081009526786226 0.00022493311592193627 0.00046641027144516013 0.00020374610198768106
259 2331 0.03341439720314356 0 0 3.755837125982003e-05 2.999869395156108e-05 0.1010405757938816 0.0002529991858643383 0.0005438673237393455 0.00023407791867907329
260 2340 0.03530537422835409 0 0 3.799383820820191e-05 3.077893205754222e-05 0.10724178837538832 0.00026676498514719446 0.0005697576738874031 0.0002387405741894691
261 2349 0.0370505210543868 0 0 3.95376787691018e-05 3.184728913152609e-05 0.11247415762493407 0.00027171122841371595 0.0005933973136070337 0.0002445143736108194
262 2358 0.041923428211384096 0 0 4.16388307843296e-05 3.3667650320142675e-05 0.14444435554335894 0.00031110431290406175 0.0006579424991865932 0.00026557113588780945
263 2367 0.04726495589545951 0 0 4.356473204810532e-05 3.630786453380899e-05 0.173672902443782 0.0003422012270321417 0.000712872439036491 0.0002952597796777296
264 2376 0.04242450540189498 0 0 3.687169213011413e-05 3.117250807842305e-05 0.15413902862121118 0.00028383660197544615 0.0006348939072042248 0.00026124798851880434
265 2385 0.039512272766277716 0 0 3.498163214417181e-05 2.9149917604782443e-05 0.1290633152311794 0.0002469175773656937 0.0005833631202724196 0.00024095574519871933
266 2394 0.03818429022830861 0 0 3.3964312105829105e-05 2.823408754471787e-05 0.12413825980193359 0.0002307511398058993 0.000571109513272678 0.000225829973288547
267 2403 0.034471174037212816 0 0 3.126967692501385e-05 2.6130792417840552e-05 0.11192892263852643 0.00020938355985332407 0.00048749228495393687 0.00019259459223519042
268 2412 0.03225584255244294 0 0 2.7283351280497793e-05 2.3183915432204417e-05 0.11022132286476889 0.00019479122544642375 0.0004599137496115051 0.00017278189324171608
269 2421 0.02961315490592315 0 0 2.412487626342074e-05 2.0626317974885102e-05 0.0949974691932754 0.00017011095462136436 0.00040604132365954594 0.00015932648793928454
270 2430 0.025733167994095276 0 0 2.0389833583170308e-05 1.754410830542779e-05 0.08281606270976896 0.00014379094592670099 0.00034234830870679225 0.00013851862946669648
271 2439 0.02412076293908852 0 0 1.7876645521088016e-05 1.5290664981487756e-05 0.07505601721844284 0.0001294583104214379 0.0003189606196136344 0.00012987428567863473
272 2448 0.020932542075383958 0 0 1.5043311510064385e-05 1.2441511404639371e-05 0.06364023019007865 0.0001085239437630792 0.0002786032207945266 0.0001128761999884472
273 2457 0.021361958824170548 0 0 1.5655623598181904e-05 1.312350971369444e-05 0.06936531331869818 0.00010225677432772303 0.00028829766706335754 0.00010370545107093474
274 2466 0.02085848840383366 0 0 1.4693899416222818e-05 1.2296203386900475e-05 0.06719608663054613 9.205083420068566e-05 0.00027780141974346166 9.940241278418718e-05
275 2475 0.018156453893747225 0 0 1.2611243945892305e-05 1.0650446248129589e-05 0.058894319766896096 7.67242052606341e-05 0.00023514179008026165 8.225180400395919e-05
276 2484 0.017858225696386267 0 0 1.2878074674951335e-05 1.0370962623718849e-05 0.05549315958877055 7.196077609519013e-05 0.00023057668256999743 8.071051704747773e-05
277 2493 0.01877308282577496 0 0 1.4056597845899418e-05 1.1070931977404453e-05 0.058361748538278316 7.441365693646145e-05 0.00023283731910444733 8.444689188359658e-05
278 2502 0.017623108381058416 0 0 1.3178061560560513e-05 1.030775085765506e-05 0.05544769918947176 6.872714373003289e-05 0.0002087122372989301 7.351971377476897e-05
279 2511 0.016130919565504876 0 0 1.2010652384000581e-05 9.44047435130514e-06 0.05032333783543116 5.849875897898764e-05 0.00018686628143023713 6.754363668516103e-05
280 2520 0.01432677921846199 0 0 1.0603279475907762e-05 8.451767148525959e-06 0.04211150894552923 5.327866917674503e-05 0.0001661738188110709 5.895921449608674e-05
281 2529 0.015220675099772799 0 0 1.1562749347047638e-05 8.76769723633187e-06 0.0449025783757251 5.403927056583431e-05 0.00017915533282057558 6.097785026944466e-05
282 2538 0.015172864636968795 0 0 1.1293941999464858e-05 8.632347647634907e-06 0.04794668722162488 5.359172454852533e-05 0.00017005636867071047 5.9578153241929316e-05
283 2547 0.01264555597675721 0 0 9.216230118661613e-06 6.9879617228812816e-06 0.040708751457432656 4.508411564337915e-05 0.0001396238740955957 4.7113999425681795e-05
284 2556 0.011457498781608845 0 0 8.416022461358288e-06 6.410630197568741e-06 0.03456887734511246 4.034502739859785e-05 0.0001225924336953495 4.115013359904165e-05
285 2565 0.011534478645897555 0 0 8.38080975741392e-06 6.421603621847653e-06 0.034081698894683064 3.982706139125535e-05 0.0001254011187742049 3.8764514239912124e-05
286 2574 0.011156202158246486 0 0 8.135633441059362e-06 6.198180445163829e-06 0.03241122295645395 3.64314218764265e-05 0.00011836607755256674 3.8362251937781675e-05
287 2583 0.012696292097732334 0 0 9.083498828973295e-06 6.849370782191495e-06 0.037985580083118045 4.113927984748845e-05 0.00013603951253932382 4.3475909489437415e-05
288 2592 0.014747819223892764 0 0 1.0534570954236765e-05 8.013950756668252e-06 0.04710848123656679 4.5341531353473264e-05 0.00015302156666758144 5.302862487797231e-05
289 2601 0.016852499446076284 0 0 1.1667722031462919e-05 8.679907761839441e-06 0.054412826084843526 5.142969723119599e-05 0.00015734845876675573 6.033708080951845e-05
290 2610 0.017228732797963383 0 0 1.1513361557283556e-05 8.864799073163036e-06 0.05528512748502853 5.1054914453120095e-05 0.00016139955681684955 6.129130657908294e-05
291 2619 0.0157928006459075 0 0 9.984527749960074e-06 7.713906614561372e-06 0.05136898681612582 4.611378233442037e-05 0.00014901720747528602 5.4678772782269675e-05
292 2628 0.015296148629621012 0 0 9.80076285729471e-06 7.587162639991664e-06 0.05308323292058573 4.400406251770423e-05 0.00015266794097263273 4.922145895721293e-05
293 2637 0.01372745982476511 0 0 8.618317899016172e-06 6.861235768899629e-06 0.046088064268687945 3.809212917611411e-05 0.00013571234684055765 4.195674282709246e-05
294 2646 0.01304389023677277 0 0 8.10028480561505e-06 6.430790366183201e-06 0.04289402330557953 3.449953078874429e-05 0.00012517447321762695 3.953220504641939e-05
295 2655 0.012973647870223506 0 0 7.699713756686877e-06 6.229970903484094e-06 0.041492975946085885 3.280343665160069e-05 0.00012029744156626016 3.860900909919413e-05
296 2664 0.014927028119816914 0 0 8.704577136813328e-06 6.944193784488406e-06 0.05642176325184176 3.673124047155606e-05 0.0001317645375305709 4.375263689210524e-05
297 2673 0.01571265522886416 0 0 9.197080646752802e-06 7.3338386175067e-06 0.06055699487141261 3.763142758746159e-05 0.00013414497695742302 4.2792273126352657e-05
298 2682 0.015850958344479214 0 0 8.822259776960398e-06 7.145816947341738e-06 0.06047137904487025 3.557383260080905e-05 0.0001277815552787 4.283491077506536e-05
299 2691 0.015234060757740841 0 0 8.104305479833856e-06 6.518969922036884e-06 0.05892150833678237 3.210650350579235e-05 0.0001201527929242921 4.039792507491724e-05
300 2700 0.016017112450653934 0 0 8.707571368205436e-06 7.128603008138164e-06 0.06306472204569159 3.281386274121297e-05 0.00012092130964361894 4.160752277463496e-05
301 2709 0.02016269219202849 0 0 1.1031026356399634e-05 8.88007161562488e-06 0.08239426263383627 3.833469593785057e-05 0.00015149100977933738 5.2412130440978954e-05
302 2718 0.02315929046446695 0 0 1.2788836666811296e-05 1.0410494732142628e-05 0.09620400283555322 4.34753138171608e-05 0.00017468914578795954 5.8682815764646384e-05
303 2727 0.02618862039652913 0 0 1.427707825313477e-05 1.1531184031411641e-05 0.1183083630008913 4.7805368625515604e-05 0.00018967393020293712 6.582002456410016e-05
304 2736 0.026679554943581932 0 0 1.4351800335526466e-05 1.1503057619695385e-05 0.12436985959140545 5.221336643126544e-05 0.00018190718231571174 6.82653893244114e-05
305 2745 0.024392086670721645 0 0 1.3023752657059655e-05 1.0263126902253847e-05 0.1115825577901297 4.491587505344864e-05 0.00016567811278366885 6.167217597767368e-05
306 2754 0.021849201623053337 0 0 1.155836382872968e-05 9.094221721403247e-06 0.09780607879558921 3.950571914107277e-05 0.00014158843384483392 5.366828126438346e-05
307 2763 0.019693702303578857 0 0 1.0053064676740231e-05 7.866363990123324e-06 0.08760901805648214 3.4484124150381684e-05 0.00011477496205432676 4.722292922443858e-05
308 2772 0.01814579762994778 0 0 8.693540026639032e-06 6.90017230282429e-06 0.08070014747218414 3.1129817700000565e-05 0.00010409595593775965 4.3643015544000944e-05
309 2781 0.015767080692933925 0 0 7.1084454667018e-06 5.749104728642967e-06 0.0694496305645383 2.680389455267568e-05 8.873979430296992e-05 3.743567019793937e-05
310 2790 0.016708035116362152 0 0 7.436229790303361e-06 5.933461856148265e-06 0.07189041656069757 2.6611636504380588e-05 8.973198776386775e-05 3.927946841382428e-05
311 2799 0.0172311368665267 0 0 7.697580291866192e-06 6.082442851629081e-06 0.07295073570968034 2.819657669208486e-05 8.732459670177141e-05 3.842377496193572e-05
312 2808 0.018746012601919035 0 0 8.230337460871481e-06 6.545089220950611e-06 0.0858651201182176 2.9702242857833695e-05 8.885098670438651e-05 4.241411899661618e-05
313 2817 0.018847062720166907 0 0 7.851818257880698e-06 6.343976196433024e-06 0.08972348825250924 2.9191399672586265e-05 8.898142626391965e-05 3.964923671086538e-05
314 2826 0.020779509063324344 0 0 8.566286321944512e-06 6.935352850302625e-06 0.10900095041240786 3.14984349844242e-05 9.714687503528661e-05 4.446322470010566e-05
315 2835 0.02267932520512635 0 0 9.092222970382587e-06 7.558784024005761e-06 0.11982452244725304 3.611411903333529e-05 0.00010306372668666936 4.9287006444420495e-05
316 2844 0.021012904748794855 0 0 8.279915152938981e-06 6.897601348207826e-06 0.11107896972608715 3.244077650613404e-05 8.836966989758328e-05 4.3482592696753325e-05
317 2853 0.018095188549397904 0 0 6.998000291305856e-06 5.789252377267867e-06 0.09096741737491788 2.6443637048204154e-05 7.617791423979212e-05 3.461338484156358e-05
318 2862 0.017269996357367774 0 0 6.268919801800906e-06 5.180455662041862e-06 0.0858829249987144 2.3993647659685545e-05 7.211174051109408e-05 3.5007949843136475e-05
319 2871 0.015738305101283146 0 0 5.650898336141142e-06 4.697127791786052e-06 0.08144910263300136 2.146527360395113e-05 6.237614941330244e-05 3.120693045814013e-05
320 2880 0.014886782132695757 0 0 5.273485874059838e-06 4.4923637340794215e-06 0.0771963441533834 1.9635865630204968e-05 5.683048703968247e-05 2.9731080479177403e-05
321 2889 0.014066680234140951 0 0 4.890575688986352e-06 4.162108542727206e-06 0.07429794752453779 1.8330839124322194e-05 5.115335777861268e-05 2.686685191016039e-05
322 2898 0.014360578890154579 0 0 4.849419081522989e-06 4.12403417377444e-06 0.07575820390573343 1.822408049731196e-05 4.789243182300284e-05 2.743075069606084e-05
323 2907 0.013718996735727679 0 0 4.3473683778772475e-06 3.7735990965414314e-06 0.07210361400511353 1.6844010105486733e-05 4.571393343884474e-05 2.6405034779387407e-05
324 2916 0.013393649062191886 0 0 4.222381036022311e-06 3.6422052210648855e-06 0.07313586111099772 1.5746495747413767e-05 4.610937805440548e-05 2.4090413186564815e-05
325 2925 0.0121121120578799 0 0 3.877858368206062e-06 3.3050729814217047e-06 0.06525117449564041 1.410053485754152e-05 4.003391248660086e-05 2.1938940415484504e-05
326 2934 0.011669396811286108 0 0 3.868630729597784e-06 3.1944843069791478e-06 0.0637455088798033 1.3756558010743466e-05 3.658803781102011e-05 2.073292627075074e-05
327 2943 0.01172487558428723 0 0 3.980317413955099e-06 3.2416883826413583e-06 0.061639913279506096 1.397332697551654e-05 3.635505387416148e-05 2.070457719131563e-05
328 2952 0.01061236008715918 0 0 3.3304429062481945e-06 2.6420926354967176e-06 0.055402704128273965 1.2121236514025891e-05 3.184005045490751e-05 1.8488989099693473e-05
329 2961 0.009629817029110444 0 0 2.913406291495135e-06 2.2940107220481645e-06 0.04945088426852906 1.1006912237215884e-05 2.7561041838881558e-05 1.653377091776321e-05
330 2970 0.0081831536810972 0 0 2.4304049569407176e-06 1.889307639041797e-06 0.04215300126040214 9.05719964906026e-06 2.2429340261644044e-05 1.3333842234523817e-05
331 2979 0.006935075672785439 0 0 1.8478107808982668e-06 1.4692924171713427e-06 0.035914761445540726 6.850834856351835e-06 1.875984231193657e-05 1.1051382479278402e-05
332 2988 0.006429278647083853 0 0 1.620472529218739e-06 1.3090953558978578e-06 0.034470559285472 6.207065456115179e-06 1.7449834804850767e-05 9.92137085905096e-06
333 2997 0.00547040907352048 0 0 1.3519367714431753e-06 1.092078305416259e-06 0.027061566831901664 5.255803781761548e-06 1.4811672295999286e-05 7.85368325422104e-06
334 3006 0.004953822298362606 0 0 1.1801834739149265e-06 9.732215960662185e-07 0.024313766443298333 4.769093650606776e-06 1.3478903368689246e-05 7.19831801937768e-06
335 3015 0.004319187691923293 0 0 1.0159643709223825e-06 8.333999711634228e-07 0.020986900467368258 4.065975403104342e-06 1.1445852314618562e-05 5.888721008931515e-06
336 3024 0.0040074022344810814 0 0 9.427011305061377e-07 7.718899136943961e-07 0.019749345114586536 3.7969840263255212e-06 9.543971221165186e-06 5.1914545977675115e-06
337 3033 0.0038974700560942175 0 0 8.700674534210222e-07 7.146450512101848e-07 0.01916328816970805 3.5062257490827535e-06 9.281751436050082e-06 4.6367243247080515e-06
338 3042 0.0034840828898724976 0 0 7.539681755241559e-07 6.150523921628872e-07 0.016864181599601586 3.097009847622192e-06 8.313345413897302e-06 3.974546608836904e-06
339 3051 0.003158666286734363 0 0 6.333723363552076e-07 5.169888816666916e-07 0.015473990481595108 2.672206307748334e-06 6.877900463966424e-06 3.7764263283065062e-06
340 3060 0.0030131259005394474 0 0 5.957765003978493e-07 5.029996881868638e-07 0.014179541153683377 2.5122241586992566e-06 6.024323148034546e-06 3.632292079016612e-06
341 3069 0.0027552280592595033 0 0 5.637531873309927e-07 4.632293926973719e-07 0.012811012085204463 2.3546902485539107e-06 5.2286730199617315e-06 3.3340469237657883e-06
342 3078 0.002531259626275015 0 0 5.384729262545746e-07 4.3473840291660894e-07 0.011307724866279439 2.177539650049217e-06 4.89626510133274e-06 2.9367240299525665e-06
343 3087 0.0022794864215810394 0 0 4.6058340678887474e-07 3.753285679583324e-07 0.009962127119006122 1.9289609854821463e-06 4.3578607885443236e-06 2.6121626245205103e-06
344 3096 0.002318612315386925 0 0 4.5640215151511886e-07 3.788142103830777e-07 0.010401413499453753 1.900506545070704e-06 4.483748232418782e-06 2.5679854306701904e-06
345 3105 0.001929797017167483 0 0 3.7284090176404403e-07 3.1701387727106466e-07 0.008623063684155396 1.5225471886374832e-06 3.669939983203065e-06 2.099033568282451e-06
346 3114 0.001700955937227377 0 0 3.200528553010479e-07 2.7346263359752524e-07 0.0076730082087719175 1.172267718033353e-06 3.2631164433513236e-06 1.8358454103869478e-06
347 3123 0.0014514668818975981 0 0 2.7461934757667413e-07 2.3467308881521368e-07 0.006304514709385309 9.612952523141645e-07 2.6924529559127904e-06 1.540016197501896e-06
348 3132 0.0012531368461057507 0 0 2.183579373817329e-07 1.855281839337279e-07 0.005261023160654815 7.359787159522417e-07 2.3533353851871777e-06 1.2847320202479787e-06
349 3141 0.0010616507920757426 0 0 1.8162555940021346e-07 1.5281485361723966e-07 0.004284732558170961 6.023395881143985e-07 1.953888370453609e-06 1.0876872528385818e-06
350 3150 0.0008908949983181505 0 0 1.5391235107133046e-07 1.2874838195355683e-07 0.003541461711750554 5.055716038082992e-07 1.5633675480152686e-06 8.828511192622569e-07
351 3159 0.0007991737862869522 0 0 1.45364088748069e-07 1.2345967465239246e-07 0.0031672853832228594 4.545114999669718e-07 1.322716816598512e-06 8.110564197358138e-07
352 3168 0.0007656219856441215 0 0 1.3874499722203386e-07 1.1565374041322365e-07 0.0031250045562506903 4.305295161280574e-07 1.2951740601250966e-06 7.739070773852681e-07
353 3177 0.0007390154661664857 0 0 1.3326917932273074e-07 1.1012405870740956e-07 0.0030951069779238966 4.033596659021926e-07 1.1632887024820022e-06 7.162411199309032e-07
354 3186 0.0007632751900772035 0 0 1.3851647192758674e-07 1.1377599810301883e-07 0.0033110727784337146 4.0039873697348854e-07 1.0745379233564328e-06 7.907685379654069e-07
355 3195 0.0006559422183129733 0 0 1.1874498466287036e-07 9.856952906261107e-08 0.0030275432367251717 3.467164245621182e-07 8.717740331186768e-07 6.717968527181869e-07
356 3204 0.0007177990526820711 0 0 1.440548993746747e-07 1.1556556281477513e-07 0.003273965116672048 3.567755958041166e-07 9.38382195192975e-07 7.287184917730554e-07
357 3213 0.0006680551662076813 0 0 1.2869890512798218e-07 1.0446261994509245e-07 0.0030108044392053944 3.085502100338424e-07 8.873039778061639e-07 6.894916038356937e-07
358 3222 0.0006025980906255448 0 0 1.141675507750625e-07 9.138132251159146e-08 0.002676737720728826 2.6820202298035065e-07 7.661216926504444e-07 6.064562950060249e-07
359 3231 0.0005726109913076772 0 0 1.0541892169624911e-07 8.323968132051202e-08 0.0025275800128933923 2.443080176061574e-07 7.626043126268396e-07 5.770758286286092e-07
360 3240 0.0006207614645809345 0 0 1.268571869586876e-07 9.883217930522305e-08 0.002915929654571688 2.7316539576959024e-07 7.858437381530353e-07 6.347020970558541e-07
361 3249 0.0006187130312823448 0 0 1.3385965668144214e-07 1.0507987186787546e-07 0.0027906952493636783 2.6975684690687794e-07 7.815504747574294e-07 5.913401026351798e-07
362 3258 0.0006440120500280927 0 0 1.320147871135838e-07 1.0278505029969435e-07 0.002949261322113529 2.8256319902083137e-07 8.72079411161154e-07 6.355455826702344e-07
363 3267 0.0006195302959277297 0 0 1.2477987554510345e-07 9.835845141687382e-08 0.0026773368634934974 2.6847906327602254e-07 8.124593472437025e-07 6.131137277807566e-07
364 3276 0.000575970953299386 0 0 1.1309931827835018e-07 8.692278634753015e-08 0.0025293832878434735 2.528078171545352e-07 7.454218868941536e-07 5.347137628269614e-07
365 3285 0.0005228232046214892 0 0 1.0393713872647763e-07 8.035986498554619e-08 0.0022771508260037874 2.2797288277699412e-07 6.427093652234841e-07 4.6893919034053937e-07
366 3294 0.0005452413296366797 0 0 1.0422397356264508e-07 8.209583730979731e-08 0.002385294854016344 2.4454099638927867e-07 6.758166287936468e-07 4.796154176702808e-07
367 3303 0.0005116668660684223 0 0 9.588535314436567e-08 7.578801963724231e-08 0.002193652220421936 2.287060606786441e-07 6.081455462745183e-07 4.371537395043607e-07
368 3312 0.0005459320921354793 0 0 1.1358211748696921e-07 8.897722101908301e-08 0.0022629840789784557 2.617371722587442e-07 6.680285570962558e-07 4.7532917679507773e-07
369 3321 0.0005012183856554538 0 0 1.092358882793496e-07 8.594453614936918e-08 0.0019046905563906559 2.399395214803102e-07 6.006372388007479e-07 4.386409367392147e-07
370 3330 0.0005009980284299878 0 0 1.0591041495240371e-07 8.244206904811338e-08 0.001958169095943503 2.395499578658604e-07 5.946274515063352e-07 4.265381885847452e-07
371 3339 0.0005314343686099132 0 0 1.1132434375277728e-07 8.745630552461217e-08 0.002205665507201275 2.4607942639457465e-07 6.089439727533345e-07 4.843755659251723e-07
372 3348 0.0005112518002673205 0 0 1.0836015812907509e-07 8.537691450394057e-08 0.002066799177736258 2.285381375131037e-07 5.642999405510168e-07 4.863068498304678e-07
