% # columns="iteration, evaluation, void, void, void, xmean", seed=769447, Thu Nov 23 14:35:31 2023, <python>{}</python> # scaling_of_variables: 1, typical_x: 0
1 9 0 0 0 0.34848190884877245 -5.295179752120184 -2.0379671513312703 -0.4312185709880696 -2.532421337612858 0.5035879576716897
2 18 0 0 0 0.35258153394294195 -5.354102887979041 -2.184487182599116 -0.43132442004775856 -2.552869344528931 0.4762457342730023
3 27 0 0 0 0.35395440097218295 -5.435733629911585 -2.3540736940725555 -0.3593888492653247 -2.6338306201241215 0.4806992106184949
4 36 0 0 0 0.3487625418218639 -5.525323144487122 -2.6374690402865326 -0.32891282366156127 -2.5275496185641884 0.46941706115039245
5 45 0 0 0 0.3421598906284719 -5.480749159529944 -2.5490816494709088 -0.06169412295286558 -2.5094399406611956 0.442919102273699
6 54 0 0 0 0.3347166099354798 -5.5396543670864435 -2.5558086313341275 0.03460549814995223 -2.581909736288878 0.39903921434254597
7 63 0 0 0 0.32464877076812565 -5.676108473133263 -2.832688330727256 -0.02957049277845994 -2.601327217510945 0.4029019020531915
8 72 0 0 0 0.3245922583558749 -5.818470107847531 -2.6826907864620337 0.11210119288782858 -2.9253417327523272 0.38224735850458136
9 81 0 0 0 0.3424475955686769 -5.874368996489457 -2.634026286681181 0.11505728161511021 -3.035870034321959 0.4353092889361025
10 90 0 0 0 0.34055071324163255 -5.929295068512837 -3.1887173637770223 -0.550488500739874 -2.8585387842032057 0.3895533332271866
11 99 0 0 0 0.3278875815491467 -6.103710405322107 -3.8631173966699577 -0.4333419008971959 -2.739362012909338 0.4055827910291606
12 108 0 0 0 0.33347475062056076 -6.060206046997427 -3.7094856175302864 -0.5739034503689958 -2.6548148499605047 0.3990311750255939
13 117 0 0 0 0.3431598716735764 -6.028143544391975 -3.6645125850137137 -0.40380838560956445 -2.6845762705616276 0.4074987429106401
14 126 0 0 0 0.362180771984445 -5.942793534410913 -3.5240588271379836 -0.4533457690240158 -2.723891735278464 0.40293817694528444
15 135 0 0 0 0.36172492966989017 -5.944254496720515 -3.700381816769957 -0.5973576060949017 -2.9339204987012866 0.40591670145028647
16 144 0 0 0 0.36340677028479607 -5.8721501696264236 -3.317488506034061 -0.3522218034244109 -3.2610798468848294 0.4063134822402719
17 153 0 0 0 0.3591722307581123 -5.898289675875352 -3.351063845254891 -0.4943318393940579 -3.2826989144739205 0.3778708649600713
18 162 0 0 0 0.3618362007978537 -5.762608628980847 -2.8965105720767927 -0.49057078361007983 -3.7969889634324314 0.426618470314991
19 171 0 0 0 0.3813113933692876 -5.677191740182391 -2.6432288094973115 -0.6522263134380163 -3.950471734144075 0.4687896134216375
20 180 0 0 0 0.3639848075522286 -5.683312758036272 -2.561260901655423 -0.5629548990172901 -4.1327678604211755 0.4313881088710952
21 189 0 0 0 0.3718615734263325 -5.692760394931841 -2.628508004586118 -0.2588370222620071 -4.420030805795342 0.4312969875148115
22 198 0 0 0 0.38604633820765927 -5.735632326500946 -2.653868205535655 0.25720454125157866 -4.534376884347537 0.46625180239372954
23 207 0 0 0 0.3872602318020429 -5.695442901548405 -2.978812726917452 0.6466926219840957 -4.594911305842591 0.5061181123781942
24 216 0 0 0 0.4046020358988738 -5.738876602506651 -2.4065692248946635 1.2897000513368881 -4.593211701550907 0.5126442981282499
25 225 0 0 0 0.4028012422207705 -5.805503636264739 -2.382651014689907 0.8939841782679606 -4.483286576394105 0.4868815981683668
26 234 0 0 0 0.4135631912259494 -5.707931265011977 -1.9549594689764889 0.46422341024158015 -4.564367115996147 0.44829141318130683
27 243 0 0 0 0.417859562164286 -5.689248830815477 -2.1414222413584687 -0.07892296313771358 -4.707648414860893 0.44646560143812475
28 252 0 0 0 0.41152116593339017 -5.630029948319233 -2.3866328027990584 -0.6330749834435301 -4.539774094653415 0.43832389012049777
29 261 0 0 0 0.3965590827798167 -5.645985220660978 -2.310884735282251 -0.37404192274196757 -4.599977341730278 0.43741610275671977
30 270 0 0 0 0.378564157962638 -5.619616907942756 -2.47144008587355 -0.3697706057026353 -4.9293279167994 0.39967168521347274
31 279 0 0 0 0.39088081403480374 -5.631469245937948 -2.765597535999941 -0.4583591899247341 -4.562014591562182 0.4358445438349379
32 288 0 0 0 0.39651866429576493 -5.625595296870345 -3.028751478704115 -0.5600936626436863 -4.403757719096956 0.41640278708368156
33 297 0 0 0 0.39875587202404217 -5.646877637522522 -2.9030660437771356 -0.4747586842629705 -4.538574004358011 0.43384835563459706
34 306 0 0 0 0.40168428053807853 -5.645901702560083 -2.891644861453413 -0.5244277169860277 -4.298606006986501 0.46293710316758435
35 315 0 0 0 0.42179186342839803 -5.673431192268207 -2.777227815407987 -0.6066685303892873 -4.493253422736505 0.48138797690087376
36 324 0 0 0 0.43566236389786844 -5.69771088687548 -2.9244968198254577 -0.5204506004331181 -4.5885211492977245 0.4912669729775188
37 333 0 0 0 0.43018979065542157 -5.673469889660276 -2.8902013889682157 -0.5312705034255975 -4.674586033037759 0.474733426762365
38 342 0 0 0 0.426679808338055 -5.684891900724046 -2.6909355287652597 -0.6190703993203268 -4.6669966005425465 0.4773371683837723
39 351 0 0 0 0.4299552991882074 -5.688293489069415 -2.86678761487238 -0.5022300533130934 -4.670763636354375 0.4755522418117603
40 360 0 0 0 0.43636143282104506 -5.697480484847213 -2.9195241119006767 -0.610350606899072 -4.6325225206074645 0.4887683885155302
41 369 0 0 0 0.4298574926340414 -5.698434726696803 -3.0730209005661657 -0.5136888876430059 -4.481639879733678 0.5013906605469204
42 378 0 0 0 0.4267037416161399 -5.689346379635009 -3.03616209502983 -0.5732840314821882 -4.57181204310293 0.48311188830204754
43 387 0 0 0 0.4282287542384196 -5.697726384403077 -2.9919674332867428 -0.4619654797546436 -4.612979359925836 0.489522504414817
44 396 0 0 0 0.4257373399550471 -5.694930453745678 -2.881514552413762 -0.48183316470110493 -4.648515853330564 0.49364839363160873
45 405 0 0 0 0.4269416499586826 -5.687362728860447 -2.8789318066936347 -0.5059975439647957 -4.622004824538219 0.4858011307817914
46 414 0 0 0 0.42547000836818655 -5.685214411980565 -2.9632702395760595 -0.5287492051743272 -4.541954298375907 0.4866943475230303
47 423 0 0 0 0.4281525494083371 -5.697534675279921 -2.9933795222028827 -0.4916712684918856 -4.5833057987323045 0.5010256538916358
48 432 0 0 0 0.42490435350433936 -5.703343188382717 -2.940896126587204 -0.5053372248288879 -4.519630174589162 0.5103298398275
49 441 0 0 0 0.42045669264052093 -5.701228568657871 -2.862237942871654 -0.5224253839787844 -4.5102288616326405 0.516038639321031
50 450 0 0 0 0.42375036873225047 -5.699927272876148 -2.8917926936110816 -0.5631226173111035 -4.579339442977011 0.5102929282048319
51 459 0 0 0 0.424854700227551 -5.704313090751484 -2.928456118077546 -0.5920281241628301 -4.507651233173485 0.5187908953159991
52 468 0 0 0 0.42390027878230363 -5.696786338655445 -2.9088707824915483 -0.5423283021478367 -4.490759862475091 0.5086017029597082
53 477 0 0 0 0.43052044128755457 -5.711861668295629 -2.94427552772869 -0.5309339096733957 -4.464181324366288 0.5183764842804858
54 486 0 0 0 0.4318866278641282 -5.723045576124064 -2.983501164313447 -0.5173644330485824 -4.518939366818411 0.5351792666558086
55 495 0 0 0 0.4351115599958351 -5.740719675999404 -2.994937327217332 -0.5118625343200272 -4.487784152334343 0.553159461933864
56 504 0 0 0 0.43835302300154383 -5.766888468366934 -3.0086087322694555 -0.49639588342457747 -4.482023758663147 0.5880555808670369
57 513 0 0 0 0.44127586954982045 -5.775795889997762 -2.9242040632486153 -0.517146178218166 -4.416048752570732 0.6017657989650906
58 522 0 0 0 0.4352819296119748 -5.7744041485329625 -3.030229836994844 -0.5190439961626618 -4.439478166511455 0.6016539965422635
59 531 0 0 0 0.4323008249213464 -5.771029627469823 -3.0402143594727766 -0.4928108258167918 -4.5501728112199755 0.5966062271715665
60 540 0 0 0 0.441068649724282 -5.802172164932129 -3.057589163480218 -0.4594490047789347 -4.541584904695158 0.6378057290622876
61 549 0 0 0 0.4405044708721916 -5.817105485968214 -3.002226856063235 -0.4306007158211095 -4.509850982871409 0.6647624194792825
62 558 0 0 0 0.44269143960825863 -5.823217224294825 -2.9936628769362597 -0.44813400867642844 -4.5254205111116965 0.6701843308165073
63 567 0 0 0 0.4381829393192921 -5.818834016900385 -2.904787243403838 -0.492171178917283 -4.515711273201548 0.6701139511493853
64 576 0 0 0 0.43781460025524827 -5.83579757988882 -2.898354594469706 -0.5084821457378508 -4.483867366285605 0.6951595169043762
65 585 0 0 0 0.4406732429830106 -5.84805925582965 -2.9694833952625896 -0.4887781398630793 -4.539693267291656 0.7129929369145338
66 594 0 0 0 0.44327711731311714 -5.8690330214087085 -3.0346208234314553 -0.48731519541850343 -4.4288505305145005 0.7413229774902489
67 603 0 0 0 0.438819919507583 -5.852635917128409 -2.9270055363740473 -0.46662984567097915 -4.507587068467606 0.7238908021099139
68 612 0 0 0 0.43676560387112595 -5.859111548951582 -2.928001275155851 -0.5037371213320767 -4.516889578774489 0.7370706272504495
69 621 0 0 0 0.4354728361827233 -5.858513493532476 -3.0512618007210555 -0.4985538233421568 -4.5273918634770585 0.7391556846171992
70 630 0 0 0 0.4374873721881407 -5.860412251329 -3.1212906790756314 -0.47476945116566527 -4.511858405809257 0.7372883051423597
71 639 0 0 0 0.4406451445433252 -5.859002364945824 -3.185516475821378 -0.4755894812761651 -4.587305003685371 0.7315953193005381
72 648 0 0 0 0.4374414560718789 -5.852283271979474 -3.062773763975784 -0.49826636997133716 -4.557629330103287 0.7240622227345415
73 657 0 0 0 0.43988135763612507 -5.855965952524189 -3.1421621852174084 -0.5024115526839187 -4.534218907876383 0.7252706131809783
74 666 0 0 0 0.4343626408105177 -5.846150523339583 -3.091018041590098 -0.4975878513990776 -4.509639964233844 0.7199683093422602
75 675 0 0 0 0.4341943099350869 -5.854222448105852 -3.062776916543775 -0.5169255211570403 -4.537852128457664 0.7332371046769703
76 684 0 0 0 0.43255235517327356 -5.8534191996286316 -2.9757058879178793 -0.5164519111901944 -4.535269464346105 0.7348122683102031
77 693 0 0 0 0.4333377698607722 -5.858816160472109 -2.944354672260995 -0.5147355945599972 -4.573891322493721 0.7441551786238454
78 702 0 0 0 0.4331838717798193 -5.86171847556834 -3.02073124616867 -0.5272815630203567 -4.566662576988766 0.7528041205159982
79 711 0 0 0 0.4298688001149096 -5.862921273597103 -3.069581018495952 -0.5184425605021764 -4.549892171877745 0.760263207855202
80 720 0 0 0 0.42692821676151377 -5.861073637471914 -2.933698173851579 -0.5407851349588637 -4.5893870673036234 0.7602824827861168
81 729 0 0 0 0.4268395114918027 -5.862079645327798 -2.9451362954598297 -0.5475727811016243 -4.6492811749520815 0.7641294955072722
82 738 0 0 0 0.4276673194617897 -5.865044959548012 -2.9685807203111843 -0.5389816098743645 -4.637105469271362 0.7696160835102486
83 747 0 0 0 0.4287461601202429 -5.8637578407329 -2.9242007157940235 -0.5240599074667978 -4.6421958966766415 0.768682667793784
84 756 0 0 0 0.43060697054857305 -5.864042336883774 -3.033520780934483 -0.5168464036613005 -4.606170563311374 0.764899414537602
85 765 0 0 0 0.4310076561331861 -5.864183286614065 -3.067175275468232 -0.5205926529118405 -4.588789920356226 0.7633822853597624
86 774 0 0 0 0.43008858096284297 -5.865741847841395 -3.0637544413122484 -0.5162039483179689 -4.610532658270486 0.7674548968656397
87 783 0 0 0 0.42995628927556667 -5.864641522046905 -2.9847074607443926 -0.5128608227085076 -4.590785695799186 0.7676756323982412
88 792 0 0 0 0.4289941624414989 -5.86643216113324 -2.9498199894414725 -0.5204389728546933 -4.61415583296865 0.7717461920547796
89 801 0 0 0 0.4303482542123324 -5.867775864767276 -2.964573883437522 -0.5126129712520764 -4.592151639905697 0.7731998988651118
90 810 0 0 0 0.4285231396394402 -5.865884067583839 -2.973593084730989 -0.5202102430033411 -4.598810526441671 0.7734905287500478
91 819 0 0 0 0.42861301174402616 -5.865925001179576 -2.95595381405328 -0.5235657444885282 -4.595480362040499 0.7729280887123063
92 828 0 0 0 0.42876054482541115 -5.866684298123102 -2.949431609549852 -0.5108821194422764 -4.583291126691265 0.7761723220901848
93 837 0 0 0 0.42746496904004194 -5.865371490847869 -2.9297838170049237 -0.5209151331227464 -4.590302236056957 0.7760467355025615
94 846 0 0 0 0.42756626845297085 -5.866123037256115 -2.9943438318655993 -0.5211075477273609 -4.585420326047042 0.7783450203046143
95 855 0 0 0 0.427641621884837 -5.8670357718920245 -3.024149234220041 -0.516079501856869 -4.574351429436546 0.7813981259191056
96 864 0 0 0 0.42843503830099877 -5.86822648040186 -2.9717339785227144 -0.5165721097547331 -4.5628937104563 0.7809973962646599
97 873 0 0 0 0.4298522088405666 -5.8703761674163735 -3.038091208652249 -0.5148712054883303 -4.552668744959211 0.7836777852935205
98 882 0 0 0 0.4303314400000264 -5.871610063348297 -3.0304743856664462 -0.5192030544151055 -4.546743187900724 0.7863964037052074
99 891 0 0 0 0.43119318564719356 -5.874366914079295 -3.081358664061489 -0.5121574986526751 -4.543079507663842 0.7942223754606718
100 900 0 0 0 0.42857602029679637 -5.871175504435439 -3.037021191582497 -0.525627735945897 -4.560195338442471 0.7927728378608303
101 909 0 0 0 0.42812503212503744 -5.870928868833391 -3.0725614022453978 -0.525252278079789 -4.573597459521155 0.7933202311983902
102 918 0 0 0 0.42959329751241604 -5.875226642837503 -3.1958456687089756 -0.52567019116678 -4.561817902664126 0.8050043386620735
103 927 0 0 0 0.42806786691402554 -5.874781624812217 -3.2034255423610585 -0.5246779174930444 -4.5397228239837295 0.8061288374908953
104 936 0 0 0 0.4273031527789735 -5.873980903991501 -3.1105107919811004 -0.5268479914660896 -4.559329352714823 0.8056237175131191
105 945 0 0 0 0.4270320907277198 -5.8740690049026965 -3.09485123222897 -0.5284093842112096 -4.561125301884696 0.8083572766503835
106 954 0 0 0 0.4280549479727644 -5.874367214207698 -3.0998252469427663 -0.5178917920385092 -4.555378149523155 0.8099375556980993
107 963 0 0 0 0.4280484046105395 -5.874847085782407 -3.1685215213317974 -0.5198019851709879 -4.574840416160187 0.8107115490503395
108 972 0 0 0 0.42804414860994544 -5.876224864844527 -3.21188015197264 -0.5179173320761593 -4.528876855815308 0.81679210889684
109 981 0 0 0 0.4266115139667778 -5.874925893667724 -3.190496743751013 -0.5228968255227615 -4.545777438940612 0.8181900536305149
110 990 0 0 0 0.42575555565979856 -5.87493693733175 -3.1748227588922626 -0.526882360426171 -4.542420573798871 0.8217550346922229
111 999 0 0 0 0.4265077729842462 -5.875398861748251 -3.1118614149327897 -0.5281869792191496 -4.565409869930394 0.8218230213889278
112 1008 0 0 0 0.42428741516393415 -5.874937414107534 -3.068521300754739 -0.5314633968106869 -4.551512307320311 0.8283435856588595
113 1017 0 0 0 0.42697907340209224 -5.877105817196683 -3.137784238047745 -0.5244952487024521 -4.547422793411309 0.8257342465591697
114 1026 0 0 0 0.4259139061274221 -5.876554409521364 -3.1223768344839566 -0.5267433451399431 -4.536845156352181 0.8284605263132391
115 1035 0 0 0 0.42568916895712405 -5.8759920097268 -3.127770917135371 -0.5265250820357329 -4.55704614307232 0.8287859385347511
116 1044 0 0 0 0.42591246432059354 -5.8763959157864605 -3.185916996549076 -0.5234329530475037 -4.559366093217097 0.8306562538264508
117 1053 0 0 0 0.4263113694052647 -5.877056139794769 -3.1925125914927084 -0.5227581586776143 -4.563135941517364 0.8320648323081488
118 1062 0 0 0 0.42614028199373966 -5.876505098113743 -3.18100071278268 -0.5235003275704853 -4.571017128091568 0.8316760026077512
119 1071 0 0 0 0.4261683606005054 -5.877211696852666 -3.220890557902953 -0.524031477883576 -4.556257188829299 0.8339586303133976
120 1080 0 0 0 0.42684832687168667 -5.877608279818136 -3.227690301874598 -0.5179481056023085 -4.555363558544751 0.8333639017099409
121 1089 0 0 0 0.42793182897222837 -5.878601754986609 -3.2590082354194507 -0.5153883111990886 -4.564870136627114 0.8340356925362568
122 1098 0 0 0 0.42798535563396206 -5.878588432853501 -3.273679117907179 -0.5127685295981195 -4.561094663811204 0.8350800189568892
123 1107 0 0 0 0.4275899460550851 -5.87824798307603 -3.21150715913417 -0.5174186116127447 -4.560952443226609 0.836126968850921
124 1116 0 0 0 0.42707496858972493 -5.878238908526916 -3.216720881465102 -0.5225702185360455 -4.562021761883751 0.838920538580335
125 1125 0 0 0 0.42712433260955635 -5.878110324365267 -3.1955173886075023 -0.5209590707436861 -4.559501665546941 0.8384999928513045
126 1134 0 0 0 0.4271215433570703 -5.878167034456535 -3.1936507276199224 -0.5208698003205394 -4.5581494854946305 0.8392302261989406
127 1143 0 0 0 0.4268664447327073 -5.878516475286242 -3.2080669995899296 -0.5222570965275312 -4.557108937600344 0.8431999208630888
128 1152 0 0 0 0.4264815203397286 -5.878362200267991 -3.2561986024238982 -0.5207261774339632 -4.549876062758992 0.8456440661864484
129 1161 0 0 0 0.42712029934156703 -5.878517656560104 -3.2581625549046556 -0.518162815737326 -4.556069920019606 0.8455385383709878
130 1170 0 0 0 0.4284672854582742 -5.879540968655329 -3.249967949759338 -0.5133864853260559 -4.551008812711561 0.8458658481131932
131 1179 0 0 0 0.4284960298264141 -5.879650890174395 -3.2672826942174327 -0.5111009814825782 -4.544372246323847 0.8454922611065364
132 1188 0 0 0 0.42725560993231737 -5.878594301479437 -3.289802699609857 -0.5148706404892082 -4.536668769489521 0.8460461841128573
133 1197 0 0 0 0.42632955110969784 -5.87798263278254 -3.2315418049189626 -0.5194002220476869 -4.543571088072231 0.8475492445061139
134 1206 0 0 0 0.42677238753370184 -5.878051907597172 -3.2217573020553747 -0.5205072445101326 -4.5538954555662565 0.8452326549206415
135 1215 0 0 0 0.4267812607399143 -5.8783905446265035 -3.203696563675784 -0.5213488348098265 -4.550181030747438 0.8461928131215546
136 1224 0 0 0 0.42666840963703884 -5.878200760021906 -3.2097252571564994 -0.5179317785287945 -4.550491157085918 0.8465707416202739
137 1233 0 0 0 0.4272118828512942 -5.878917065712401 -3.194494145527282 -0.5163471739514128 -4.558722543735113 0.8482009392540651
138 1242 0 0 0 0.42655392160913497 -5.878510637632443 -3.215227879385401 -0.5158755362375763 -4.5549181745422835 0.8509848086041923
139 1251 0 0 0 0.42630253830473813 -5.878161953087655 -3.2063417702867443 -0.518489188424585 -4.557085960693625 0.8499850230739796
140 1260 0 0 0 0.4267802216046008 -5.8786810242170295 -3.2193386577604493 -0.5151422122315548 -4.565943585711006 0.8532568693596279
141 1269 0 0 0 0.42644249191161265 -5.878687915279879 -3.2353078682572782 -0.5158384493571206 -4.556610665628295 0.8568051478408882
142 1278 0 0 0 0.4261583977569295 -5.878619079887355 -3.246758444478573 -0.5154817753000422 -4.553532719333174 0.8589323859550824
143 1287 0 0 0 0.4271344748976054 -5.879413942486073 -3.275993880162977 -0.5126314978022215 -4.559111749567394 0.8638135901228785
144 1296 0 0 0 0.4271753622070571 -5.879391146622143 -3.282533578803278 -0.5148550921963583 -4.5479495311361156 0.8639317962506983
145 1305 0 0 0 0.42760610316378594 -5.879763041092918 -3.2972780600250715 -0.5149383296662146 -4.550877539625019 0.863778109864741
146 1314 0 0 0 0.42675526645274686 -5.879094890216771 -3.2639236861354313 -0.5177068695172296 -4.565883779627161 0.8623919860675062
147 1323 0 0 0 0.4272997584443619 -5.879375248644239 -3.2771229276112304 -0.5147797357220407 -4.5572947594234074 0.863452185712009
148 1332 0 0 0 0.4269295418939863 -5.879062517291002 -3.293721375920474 -0.5155994746972401 -4.553276483141913 0.8643999142071633
149 1341 0 0 0 0.4271218142061085 -5.879238686963508 -3.3089526722061393 -0.5146507280485138 -4.5606536115138505 0.8679967005016348
150 1350 0 0 0 0.4268816536488304 -5.879109818259209 -3.354935936323496 -0.5140381380023106 -4.554674603339572 0.8689321096997963
151 1359 0 0 0 0.426880795321563 -5.879010059124501 -3.3175230534412012 -0.5145719339299101 -4.554142958762291 0.8654481549124923
152 1368 0 0 0 0.4271194953358959 -5.879203387110025 -3.308144728541124 -0.514352504523812 -4.5641351177433025 0.8658107464305381
153 1377 0 0 0 0.4273139440111642 -5.8792124239841135 -3.3034013792941286 -0.5133826619409185 -4.5656445369468335 0.8665171462678244
154 1386 0 0 0 0.42702852728661017 -5.87906668600103 -3.296426490921174 -0.5155860947428574 -4.565929367292261 0.8654360041158645
155 1395 0 0 0 0.42677565893091635 -5.878840716468947 -3.308212577842878 -0.5168462573445534 -4.562942023048072 0.8655389918165146
156 1404 0 0 0 0.4272005964196984 -5.8791765142019266 -3.303582237363883 -0.5156892618313375 -4.566604914554735 0.865816371395592
157 1413 0 0 0 0.4271272180418911 -5.879109565277656 -3.319042335392021 -0.5143975091486646 -4.56476457826351 0.8659750817622068
158 1422 0 0 0 0.42716100392611084 -5.879161374995073 -3.3202819091031537 -0.5154460980323388 -4.565830475420627 0.8657082152906718
159 1431 0 0 0 0.427064847629157 -5.879085697258741 -3.3139638083200937 -0.5157451372520191 -4.564810180548198 0.8648260950381697
160 1440 0 0 0 0.4270075540802441 -5.879044381610276 -3.3166562952931025 -0.5157587648381354 -4.564372134603909 0.8655531668004431
161 1449 0 0 0 0.42692215725291155 -5.879015095724335 -3.322898612700955 -0.5155857798717703 -4.563344053223145 0.8658674568198289
162 1458 0 0 0 0.4267412322307205 -5.878861956407198 -3.3190870788389195 -0.5158647688237736 -4.564054018771132 0.8661642526145762
163 1467 0 0 0 0.4266135839143974 -5.878768056255283 -3.3068885911474446 -0.5166080445533441 -4.5656789271869185 0.8660336562090168
164 1476 0 0 0 0.42672300039047667 -5.878875497514635 -3.308089716214575 -0.5160913031545825 -4.565316048061233 0.8664599590245955
165 1485 0 0 0 0.426628129494211 -5.878802130792039 -3.298746951333881 -0.5166101647542846 -4.566821267091851 0.8662219974985222
166 1494 0 0 0 0.42657731843095276 -5.878757384859611 -3.305376461797725 -0.5166062824229423 -4.565829387427478 0.8668296365954747
167 1503 0 0 0 0.4267127887534227 -5.878854583090341 -3.3128656570271753 -0.5157862433817566 -4.5665967654375725 0.8670742198160882
168 1512 0 0 0 0.4267012967840328 -5.878853485455769 -3.3226029215083543 -0.5154325509516683 -4.566309982697745 0.8675651823329135
169 1521 0 0 0 0.42668623810380857 -5.8788119690893055 -3.3257667996450695 -0.515514264187004 -4.56650118626413 0.8676559228251741
170 1530 0 0 0 0.4266948816857698 -5.878823546258993 -3.324496282963873 -0.5155730651171212 -4.5660291081051705 0.8673840179580121
171 1539 0 0 0 0.4267125775235984 -5.878842442539638 -3.3188189773286982 -0.515582055149767 -4.5653238378979895 0.8672462163538698
172 1548 0 0 0 0.4266762003790779 -5.8788207051234975 -3.3188208210000214 -0.5156817853914344 -4.565610106851188 0.8671545929919183
173 1557 0 0 0 0.4267094812896874 -5.878849767437566 -3.3196277450435856 -0.5156320098023878 -4.565691373662391 0.8670347916372292
174 1566 0 0 0 0.4266626722254962 -5.878813724607245 -3.322779317062514 -0.5155910972416912 -4.5664636503802205 0.8670821816436285
175 1575 0 0 0 0.4266652682526729 -5.878803687860115 -3.3317341000698426 -0.5155344310942114 -4.565659566856843 0.8671289726498206
176 1584 0 0 0 0.4266916253642428 -5.878821689875965 -3.334042114027768 -0.5154189786618791 -4.5650520928413085 0.867212465295827
177 1593 0 0 0 0.42667870362638416 -5.878815562770187 -3.3374718724630847 -0.5152925250783056 -4.565042266456691 0.8674686798902407
178 1602 0 0 0 0.42664886047297423 -5.878796975026403 -3.3349655164667382 -0.5154648344010652 -4.566344951084822 0.867238005671225
179 1611 0 0 0 0.4266605473685734 -5.87879107509901 -3.3362136394600523 -0.5153431542640473 -4.5662765629782305 0.8671516024299531
180 1620 0 0 0 0.42662804856706377 -5.878781097763154 -3.3377642254476116 -0.5154606384676493 -4.5660736533946125 0.8670945713507381
181 1629 0 0 0 0.4266271928237202 -5.878774648675171 -3.348920390603755 -0.5152656335848499 -4.56558908776992 0.8673203463595768
182 1638 0 0 0 0.4266533514470912 -5.878801186720562 -3.3492456136876534 -0.515073815565903 -4.565944717691097 0.8674305992717785
183 1647 0 0 0 0.4266958435415448 -5.878848308377414 -3.3511906742660176 -0.5150127507238647 -4.565825027767451 0.8676102416301223
184 1656 0 0 0 0.42666839113765664 -5.878816246586162 -3.362165971122976 -0.5146724316574037 -4.565784974502242 0.8674745259659838
185 1665 0 0 0 0.4266573201621222 -5.878807127020958 -3.3664514580217184 -0.5146881756346985 -4.565699345621659 0.8672720409193462
186 1674 0 0 0 0.42662825857724274 -5.878786857306026 -3.3769706917243307 -0.5145473582698022 -4.566044528489282 0.8674385344444508
187 1683 0 0 0 0.4266585340173095 -5.878810278715151 -3.3785886227304074 -0.5144230676017085 -4.566085372590254 0.8672403683826593
188 1692 0 0 0 0.42671354732176653 -5.87884579982655 -3.3916137499193324 -0.5140529050962495 -4.566120719426258 0.8672410725538414
189 1701 0 0 0 0.42671432354235733 -5.878848889250982 -3.388288604038853 -0.5141937740056064 -4.565740627367514 0.8671585940596804
190 1710 0 0 0 0.42669449682951416 -5.8788343456779 -3.395983835364736 -0.514022447763158 -4.565772587429836 0.8671126441718298
191 1719 0 0 0 0.4266752251862628 -5.878819620163802 -3.4038445377867785 -0.5139727187593659 -4.5662588528772705 0.8669879019125828
192 1728 0 0 0 0.4266902993185056 -5.87882521790047 -3.4175432406739685 -0.5137565924847359 -4.566489355717113 0.86670163508922
193 1737 0 0 0 0.42668813971033503 -5.878815495947387 -3.4418672899978686 -0.5132292672864172 -4.566111409007509 0.8668491999833379
194 1746 0 0 0 0.4266944517433029 -5.8788326240007445 -3.470957520477028 -0.512751128874882 -4.566284570770002 0.8671985687137922
195 1755 0 0 0 0.4267520163120838 -5.878873113727709 -3.494190819090888 -0.5121482335028485 -4.565960208934065 0.8669722474299075
196 1764 0 0 0 0.42673634719925113 -5.878871446419907 -3.4912015091687274 -0.512549483340809 -4.566626153667827 0.8670454427416321
197 1773 0 0 0 0.42670346002502063 -5.878857153589086 -3.4883315720980503 -0.5129499716370629 -4.566431344552662 0.8672939610375142
198 1782 0 0 0 0.4266252098213352 -5.8787971365263765 -3.515741861246479 -0.5124270752910887 -4.565999593929425 0.8673229865374671
199 1791 0 0 0 0.42664317386970646 -5.878810078396033 -3.5258606864449042 -0.512168670060539 -4.564103963634697 0.8669069448931661
200 1800 0 0 0 0.4266681118708412 -5.8788433550287955 -3.5210982614422077 -0.5124519118900555 -4.564813079603609 0.8665262372897227
201 1809 0 0 0 0.42658679239644687 -5.878754881414725 -3.5046070278894432 -0.5129562821317332 -4.565433902545664 0.8665807934888989
202 1818 0 0 0 0.4266863739182799 -5.878817149144189 -3.5659268568720845 -0.5115317408185418 -4.566134139478833 0.8670216729114131
203 1827 0 0 0 0.426716154282254 -5.878846129807959 -3.558247096148908 -0.5116292360939687 -4.566356024754074 0.8672014116048036
204 1836 0 0 0 0.426637936273894 -5.878785892192508 -3.5543881778024886 -0.5121121307637423 -4.56599120774176 0.8673742173738473
205 1845 0 0 0 0.42668206780547824 -5.878811148588243 -3.5880471830706964 -0.5116003398495931 -4.566473385281373 0.8670769873894356
206 1854 0 0 0 0.4266837990551729 -5.878820586931706 -3.612759443345387 -0.5111147272449413 -4.566653342927272 0.8671870923770891
207 1863 0 0 0 0.42669386941352233 -5.878824773718048 -3.616840595997093 -0.5110617350102767 -4.566718751198948 0.8671776244946099
208 1872 0 0 0 0.4266705759819232 -5.87880973492466 -3.631786022002939 -0.5107951028685487 -4.567171222111087 0.8673246617218363
209 1881 0 0 0 0.42667381494074996 -5.878808433377607 -3.6456063853820604 -0.5107085470915883 -4.566986335048014 0.8673401538370235
210 1890 0 0 0 0.4266647957692186 -5.878809888926099 -3.658080197302131 -0.5106400437003993 -4.566982037417707 0.8672633844750369
211 1899 0 0 0 0.4266666805631537 -5.8788106223339645 -3.663474519959975 -0.5105810660775105 -4.567100256018137 0.8675744095692804
212 1908 0 0 0 0.4266959068264375 -5.878839847572455 -3.6857359471383924 -0.5103812687774432 -4.567013458631053 0.8675434654349918
213 1917 0 0 0 0.4267210593638772 -5.878868758601801 -3.709355296690066 -0.5101893379832871 -4.566666006995203 0.8675074548123085
214 1926 0 0 0 0.4266936173192899 -5.878839564357238 -3.714237448209996 -0.5103769220277009 -4.566750084553649 0.8674310356343451
215 1935 0 0 0 0.42672707677931915 -5.878863192104852 -3.7166917530768826 -0.5099552133046792 -4.566676540724652 0.8676267151886328
216 1944 0 0 0 0.42669706675538144 -5.87884463511155 -3.714294908556803 -0.510063503143543 -4.566185131970471 0.8676971001577949
217 1953 0 0 0 0.42669017451038715 -5.8788441777420735 -3.731014731386743 -0.5101999295566089 -4.566412459483015 0.8674564940660554
218 1962 0 0 0 0.42668113007920244 -5.8788341852029475 -3.7685690823961577 -0.5099971270485831 -4.566033673451643 0.86768605314777
219 1971 0 0 0 0.4266942560741821 -5.878850330731542 -3.811145389314485 -0.5094922143275907 -4.565685993779094 0.8677915834299031
220 1980 0 0 0 0.42675188677771214 -5.878902996712881 -3.8533973449942502 -0.508834277561393 -4.565693428886971 0.8674818465206896
221 1989 0 0 0 0.42674914644732537 -5.878904743917813 -3.8953945367995635 -0.5088625340326676 -4.566145774469996 0.8674156917210804
222 1998 0 0 0 0.4267500296877719 -5.878907533781763 -3.9186566751912313 -0.5086086368357225 -4.56598414327654 0.8669969138029785
223 2007 0 0 0 0.42671671247443177 -5.878885628983318 -3.8873904455510435 -0.509062479910209 -4.56545808723179 0.8675461628416371
224 2016 0 0 0 0.42665173952873237 -5.878821829651957 -3.895394506361886 -0.5088059506794692 -4.565473266369997 0.8677800505453782
225 2025 0 0 0 0.426675849449873 -5.8788358413297335 -3.88935691655536 -0.5090142058522571 -4.56530307939511 0.8672932534285946
226 2034 0 0 0 0.4266329193464482 -5.878786672581666 -3.9111514174438278 -0.5090725753107538 -4.565987373672917 0.8671543328213553
227 2043 0 0 0 0.4266260689170607 -5.878788402526325 -3.905053362214565 -0.5091216009895929 -4.566599295106153 0.8671445176170687
228 2052 0 0 0 0.4266268504618579 -5.878794783703575 -3.906093454973786 -0.5090223131106956 -4.565990355327178 0.867139970817436
229 2061 0 0 0 0.42660968338346034 -5.878774000230791 -3.9177298511779197 -0.5089142395748296 -4.5662437306390835 0.8673090439187114
230 2070 0 0 0 0.4266267886024417 -5.878785573825684 -3.952085845985978 -0.5088515354534194 -4.566005569435091 0.8669458302215864
231 2079 0 0 0 0.42663322321802505 -5.878805259414574 -4.010893604051166 -0.5086138632071404 -4.565767630631243 0.8667867976538945
232 2088 0 0 0 0.4266492665793547 -5.878818353629366 -4.0693512554011475 -0.5083188266826604 -4.565395851305385 0.8667825807116107
233 2097 0 0 0 0.4266391250545595 -5.8788225392715425 -4.056402467502447 -0.5084850032573168 -4.564891415340657 0.8668295519395135
234 2106 0 0 0 0.4266663746630561 -5.878839341146708 -4.041910129079032 -0.5084059562713711 -4.565146670697675 0.8666617962843115
235 2115 0 0 0 0.4266169185403286 -5.878800082127004 -4.0761602799653245 -0.5082585218478763 -4.565083769625451 0.8669747379692008
236 2124 0 0 0 0.4266763886128005 -5.878844643967105 -4.11638629863155 -0.5078622244577299 -4.565466760005418 0.8669943587218724
237 2133 0 0 0 0.4266369362054733 -5.878807170087117 -4.120334600656708 -0.508056410591044 -4.564887609983851 0.8668030461883659
238 2142 0 0 0 0.42659805560684516 -5.878769661359681 -4.127519636208674 -0.5082601664303954 -4.564803052108277 0.8670698521989575
239 2151 0 0 0 0.42660513677374123 -5.878772353625028 -4.136796554673185 -0.5081801773759105 -4.565918389108028 0.8668996908298933
240 2160 0 0 0 0.42662832198500017 -5.878796227793564 -4.211724026468525 -0.5076335887858116 -4.566246523307617 0.8667025629214232
241 2169 0 0 0 0.42664354119927106 -5.8788047571589095 -4.212938396893094 -0.507889677806276 -4.56591036214797 0.8667332006985063
242 2178 0 0 0 0.4266367159942006 -5.878791102354709 -4.232669057784602 -0.5078345860011164 -4.565640961836705 0.866880592100789
243 2187 0 0 0 0.4266250551078505 -5.878789890185863 -4.276800690962905 -0.5077888350030917 -4.566195651068611 0.8669164315565246
244 2196 0 0 0 0.4266232085478932 -5.878788628822068 -4.280976073756824 -0.5076789924002112 -4.566649503023872 0.8670068816302334
245 2205 0 0 0 0.42663125732187396 -5.878800013725286 -4.26504870485632 -0.5077279439972772 -4.566593154105108 0.8669838305605219
246 2214 0 0 0 0.42663994406364736 -5.878798843121676 -4.328538708895811 -0.507498346950115 -4.56625123957664 0.8671838958915763
247 2223 0 0 0 0.4266328097363118 -5.878795128684061 -4.328607137063038 -0.5077821030531844 -4.566289905575653 0.8670660269825845
248 2232 0 0 0 0.4266322583023563 -5.878798638831307 -4.3298418080371945 -0.5076845633532387 -4.566165085265093 0.8670654109183514
249 2241 0 0 0 0.4266491298383858 -5.878810397581861 -4.366889700239131 -0.5074711382502118 -4.566369183142236 0.8672074303755596
250 2250 0 0 0 0.426628453617097 -5.878797771315568 -4.386163059322985 -0.5076634756273581 -4.566492058777004 0.8672155100057015
251 2259 0 0 0 0.426624130478556 -5.878794433243548 -4.40514514936262 -0.5075777886297548 -4.5663321344957435 0.8672275895231966
252 2268 0 0 0 0.426644230480435 -5.8788108848478355 -4.452247532876862 -0.5074394458815012 -4.566300254472362 0.8671782935084463
253 2277 0 0 0 0.42666596140643415 -5.878820620583084 -4.511686329238709 -0.5072645400193218 -4.566445283783957 0.867275540052121
254 2286 0 0 0 0.426677014352626 -5.878825534908518 -4.5577366829376995 -0.5072394338889937 -4.566345940631687 0.8673627751357198
255 2295 0 0 0 0.4266733923766351 -5.878826943105123 -4.520537483999944 -0.5073867686959503 -4.566124320185592 0.8672467104228734
256 2304 0 0 0 0.42667096086963957 -5.878820489760009 -4.590175749320185 -0.5071156331547326 -4.5659986929864695 0.8673129639795125
257 2313 0 0 0 0.42668029029108445 -5.878834352955766 -4.611249072721189 -0.5070998680617231 -4.565840188883778 0.8672756510252965
258 2322 0 0 0 0.4266834769759083 -5.878836100747873 -4.65155921237074 -0.507026761670639 -4.565797413564837 0.8670951704127368
259 2331 0 0 0 0.4266586337123602 -5.878813409990128 -4.732967551496051 -0.5070068923830334 -4.566148788460556 0.8670808146450816
260 2340 0 0 0 0.4266649270135263 -5.878820364757067 -4.753348146338771 -0.5070871053118615 -4.566043512442409 0.8670926904206304
261 2349 0 0 0 0.42664926216168964 -5.8788136344654145 -4.80286947830528 -0.5070495742052546 -4.56632146741345 0.8669688323331843
262 2358 0 0 0 0.4266405046050771 -5.87880486893739 -4.941892121793971 -0.5069333180640884 -4.566201977855209 0.8671204410986723
263 2367 0 0 0 0.4266435771748396 -5.878803836853138 -5.027675615946513 -0.5069184991928004 -4.565897257701561 0.8669833835944243
264 2376 0 0 0 0.426641565994234 -5.87880726467861 -4.990565104578016 -0.5068804899002016 -4.566052588526884 0.8671419827455513
265 2385 0 0 0 0.4266643039232228 -5.878816894301453 -5.024924980865488 -0.5068187342039263 -4.565867996186913 0.8672741729808374
266 2394 0 0 0 0.4266847613306852 -5.878836640229892 -5.038305485062057 -0.5068345185019586 -4.566342938742106 0.8670785430103811
267 2403 0 0 0 0.4266561886381729 -5.878811216140484 -5.0482313174972555 -0.5069459124130553 -4.566186201395918 0.867027766920506
268 2412 0 0 0 0.42667243521091563 -5.878823895348014 -5.165139726707774 -0.5067129352858768 -4.56631436328385 0.8670697304139231
269 2421 0 0 0 0.4266568272162769 -5.878808642895074 -5.144057779555878 -0.5068507625981867 -4.566025214864065 0.8671402275494431
270 2430 0 0 0 0.42666045876518116 -5.87881145048593 -5.159610464400791 -0.5068156958555015 -4.566206310799734 0.8670192391145347
271 2439 0 0 0 0.42665152341996754 -5.878804980102423 -5.166342778344366 -0.5069022132541763 -4.566033743451795 0.867127800596555
272 2448 0 0 0 0.4266483852935354 -5.878805554789052 -5.1685103157283105 -0.5068627763854666 -4.566172485841633 0.8671008388769894
273 2457 0 0 0 0.42664363181831955 -5.878798142523549 -5.247939631166987 -0.5068293061706892 -4.5663095622898435 0.8670452082923801
274 2466 0 0 0 0.42664018740030846 -5.878801824001884 -5.220076578963373 -0.5068506275594832 -4.566201134305759 0.8671265497540487
275 2475 0 0 0 0.4266464435694721 -5.878807291483816 -5.201538413490062 -0.5068522928503917 -4.5661318820655135 0.8671111418161082
276 2484 0 0 0 0.42665972622126375 -5.878815264771696 -5.209494539616511 -0.5068621362430318 -4.566221961240226 0.8671302689449917
277 2493 0 0 0 0.42666848215664505 -5.878821498745747 -5.256339038244377 -0.5068035063538024 -4.566107215263386 0.8671186135298331
278 2502 0 0 0 0.42667142994074964 -5.878822650831174 -5.253081155446806 -0.5067983830099098 -4.566240956818445 0.8671053566300913
279 2511 0 0 0 0.42666135882958006 -5.8788173113810105 -5.278016489113365 -0.5068121637064658 -4.566243554644612 0.8670964705858494
280 2520 0 0 0 0.42666863496412344 -5.878823463676225 -5.279599284290572 -0.5067826977969734 -4.566244017361825 0.8671202588987897
281 2529 0 0 0 0.4266768520610609 -5.87882625855025 -5.297540492442736 -0.5067849755172341 -4.566138492767764 0.867108322775589
282 2538 0 0 0 0.426673248804062 -5.8788235270193745 -5.34464143927651 -0.5067517456786279 -4.566143314921744 0.8671153943729641
283 2547 0 0 0 0.42666726796455084 -5.8788209273738605 -5.3064274528282 -0.5067891158998984 -4.5661579731363835 0.8670938272340115
284 2556 0 0 0 0.42666883685167134 -5.878819546148574 -5.305870545878689 -0.5067829180044803 -4.566166588406075 0.8670910353058534
285 2565 0 0 0 0.42666670360036574 -5.878821137484439 -5.335619931099895 -0.5067672404393302 -4.566147622264665 0.8670784574488217
286 2574 0 0 0 0.4266676135154722 -5.878821164300906 -5.352289748604767 -0.5067552158118821 -4.566102882862526 0.8670647871394919
287 2583 0 0 0 0.4266662442653979 -5.878821426464897 -5.361755471188012 -0.506778117359116 -4.566042128299721 0.867034713209568
288 2592 0 0 0 0.4266684922133979 -5.878823825811104 -5.401494329013655 -0.5067563150821026 -4.565983551729419 0.867014409038635
289 2601 0 0 0 0.4266710577939322 -5.87882509293342 -5.406575462451233 -0.5067811629225167 -4.565992045050675 0.8670087501967804
290 2610 0 0 0 0.426672959176263 -5.878827390174599 -5.413280941528512 -0.5067728067487685 -4.566107344495367 0.8670272538322248
291 2619 0 0 0 0.42667409788996596 -5.878828680719754 -5.4334179209264875 -0.506739851103032 -4.566139400006502 0.8670153137168103
292 2628 0 0 0 0.4266771723232122 -5.87883057074124 -5.476405453390314 -0.5067078844021574 -4.56595317666181 0.8670177499185668
293 2637 0 0 0 0.4266670629367741 -5.878822021189748 -5.455557139553506 -0.5067298975631936 -4.565988555351669 0.8670057427591885
294 2646 0 0 0 0.42667101611256003 -5.878824851038833 -5.45809113010371 -0.5067503746063673 -4.566090755392179 0.866995603014071
295 2655 0 0 0 0.4266666087198304 -5.878820986491102 -5.463340013205154 -0.5067654401852922 -4.566130794208402 0.8669889855778434
296 2664 0 0 0 0.4266648082847857 -5.878820633050511 -5.541023777729606 -0.5067413482989289 -4.566084093237214 0.8669835030003676
297 2673 0 0 0 0.42665837940505746 -5.8788152766982265 -5.535780359060355 -0.5067626890841462 -4.566054307197951 0.8669837615077396
298 2682 0 0 0 0.42666584742927294 -5.87882203847138 -5.544739335199544 -0.5067713563952453 -4.566028713531744 0.8669710245530446
299 2691 0 0 0 0.4266654631269113 -5.878820663446974 -5.576761151275782 -0.5067489862391489 -4.566080914893637 0.8669841891732143
300 2700 0 0 0 0.42667122996972734 -5.878825695377463 -5.598762007344729 -0.5067514762201654 -4.566028502889919 0.8670012387903447
301 2709 0 0 0 0.4266738913553158 -5.878826798221029 -5.674618910847187 -0.5067567038471186 -4.566019962787198 0.866987198758271
302 2718 0 0 0 0.42666594732767726 -5.878819395832315 -5.732591448748621 -0.5067391040055923 -4.566090534441356 0.866991397562375
303 2727 0 0 0 0.42665923901635217 -5.878816634470082 -5.825532023265648 -0.5067363865220821 -4.566130709657717 0.8669731209422605
304 2736 0 0 0 0.4266725930021466 -5.878827350632569 -5.850190659990318 -0.5066793141118288 -4.566133882825719 0.8670196127429182
305 2745 0 0 0 0.42666405234009713 -5.878819219873168 -5.74449921572547 -0.5066900290002828 -4.566088301596442 0.8670313102046837
306 2754 0 0 0 0.4266656297250215 -5.878818742668248 -5.796571461374222 -0.5067030824059171 -4.5661369751362875 0.867010500395028
307 2763 0 0 0 0.4266695023593483 -5.878822501643833 -5.7896998401373585 -0.506725145559715 -4.566144667620932 0.8669933018926996
308 2772 0 0 0 0.42666948098070817 -5.878822478438457 -5.857446428082291 -0.5067122164489952 -4.566082732508775 0.8670027906534262
309 2781 0 0 0 0.42667287087250066 -5.878825662485295 -5.860212427037947 -0.5067003042528124 -4.566059089998707 0.8669962873866807
310 2790 0 0 0 0.4266763323260692 -5.878827226284327 -5.899100732624168 -0.5067129663540112 -4.566037471534347 0.8670059857984116
311 2799 0 0 0 0.42666832916326064 -5.878822168619299 -5.939017070158822 -0.5067297270742354 -4.566068341045855 0.8669995170194593
312 2808 0 0 0 0.42666810080235273 -5.878822452568856 -6.000373524788538 -0.5067202096673519 -4.566036393786853 0.8670418151843945
313 2817 0 0 0 0.42667064399130494 -5.878823072826154 -6.035098046233343 -0.5067243692847615 -4.5660792023484404 0.8670206133976538
314 2826 0 0 0 0.42666545002166967 -5.878819989381727 -6.153244819872591 -0.5067317395167338 -4.566038000502848 0.8670284614226778
315 2835 0 0 0 0.4266655663174367 -5.878819591359886 -6.143187114656947 -0.5067611352037016 -4.566061428303619 0.8670466558676033
316 2844 0 0 0 0.4266682016707164 -5.878822215277075 -6.151882046388562 -0.5067502249202995 -4.566107832255673 0.8670236685698266
317 2853 0 0 0 0.4266622165822011 -5.878816957890521 -6.099557462727443 -0.5067446305405797 -4.566073357941758 0.8670422351555561
318 2862 0 0 0 0.4266642711114657 -5.87881792596068 -6.146920522322889 -0.5067450554038571 -4.566080177414518 0.867077659876814
319 2871 0 0 0 0.4266641337291725 -5.878818069306193 -6.198856471826116 -0.5067438566805886 -4.566046613869961 0.8670784071301558
320 2880 0 0 0 0.4266671138809411 -5.87882091577479 -6.241045868099924 -0.5067461409023755 -4.5660564304642355 0.8670725178569352
321 2889 0 0 0 0.4266647596911926 -5.878819628874694 -6.295387410911612 -0.5067484035789557 -4.566046216502563 0.8670670991464635
322 2898 0 0 0 0.42666370575388873 -5.878817341966223 -6.286558359379733 -0.506742810209823 -4.566039424397128 0.8670528674201917
323 2907 0 0 0 0.4266644897634339 -5.878818195064157 -6.335044916574697 -0.5067428134454205 -4.566027410682217 0.8670498555073319
324 2916 0 0 0 0.4266665923276383 -5.878820386260118 -6.3795777797277475 -0.5067426552808266 -4.566052084353537 0.8670452557049911
325 2925 0 0 0 0.4266669194342049 -5.878820459496367 -6.386581535340495 -0.5067419675203442 -4.56605339931183 0.8670574015933195
326 2934 0 0 0 0.42666257477476166 -5.878817362649639 -6.372205862401803 -0.5067592439549999 -4.566039237026788 0.8670681745212268
327 2943 0 0 0 0.42666065895599103 -5.878816039889274 -6.363136846871262 -0.5067630195724797 -4.56607948123392 0.8670683410618348
328 2952 0 0 0 0.4266619571700603 -5.878817359364808 -6.340026264326184 -0.5067563075633027 -4.566079039144907 0.8670647586775916
329 2961 0 0 0 0.42666379980978886 -5.878818697799787 -6.321171867792051 -0.5067591849921668 -4.566075870722496 0.867066158897261
330 2970 0 0 0 0.4266633538253997 -5.878817824986019 -6.328042619357853 -0.5067599469197275 -4.5660775299866385 0.8670617391735589
331 2979 0 0 0 0.4266643893874276 -5.878818762580155 -6.315328879018178 -0.506753566824666 -4.566076603207641 0.8670619434551203
332 2988 0 0 0 0.4266638250339868 -5.878818359696717 -6.364879751946496 -0.5067562081152835 -4.566081035538209 0.8670582869184058
333 2997 0 0 0 0.42666384690184966 -5.8788184441034215 -6.349686971625934 -0.5067580242114971 -4.566086338761677 0.8670593043209571
334 3006 0 0 0 0.4266647736171862 -5.878819188404175 -6.338688235528728 -0.506752620359383 -4.566089233689946 0.8670594798741382
335 3015 0 0 0 0.4266650906248269 -5.8788194226419535 -6.346147831067328 -0.5067547470151623 -4.566084468985007 0.8670611731374778
336 3024 0 0 0 0.42666464258807196 -5.87881928958005 -6.361162236573595 -0.5067570731185601 -4.566083657167129 0.8670602252952817
337 3033 0 0 0 0.42666446448132056 -5.878819252468791 -6.359845265939415 -0.506757845535177 -4.566074271608081 0.8670586306843319
338 3042 0 0 0 0.4266640157734852 -5.87881886353738 -6.365596948441484 -0.506758756023208 -4.566075241637795 0.8670599780734939
339 3051 0 0 0 0.4266642092940836 -5.87881896367785 -6.356823078788622 -0.5067582347221095 -4.5660785925938345 0.8670641586603012
340 3060 0 0 0 0.4266638619930535 -5.878818482818784 -6.358061828368208 -0.5067584173790658 -4.566080252623387 0.8670612421257647
341 3069 0 0 0 0.42666448772480875 -5.8788190068905 -6.356910381800991 -0.5067561752211363 -4.566081411661733 0.8670597281587672
342 3078 0 0 0 0.4266648530685411 -5.878819299153576 -6.350212268339937 -0.506755353503639 -4.566081540010478 0.8670601603317213
343 3087 0 0 0 0.4266644032022785 -5.878818957886211 -6.355478466386835 -0.5067553471480296 -4.566082433159395 0.8670591825037409
344 3096 0 0 0 0.42666409661323684 -5.878818680959081 -6.3437811364118994 -0.5067560378770044 -4.5660845348272066 0.8670591888585759
345 3105 0 0 0 0.4266643862187696 -5.878818969932797 -6.3458197044503075 -0.506756031557995 -4.5660829771705576 0.867059446711717
346 3114 0 0 0 0.42666450518441656 -5.878819120040351 -6.351683554148482 -0.5067557825322131 -4.56608067855084 0.8670598058653886
347 3123 0 0 0 0.4266643066978353 -5.878818933559179 -6.349953104432377 -0.5067557230862252 -4.566082765048192 0.867060431777532
348 3132 0 0 0 0.4266644037268737 -5.878819013712321 -6.350400067053275 -0.506755834209557 -4.566083675574507 0.8670605626273526
349 3141 0 0 0 0.42666441337299754 -5.878819014801575 -6.351413328660563 -0.5067556311055434 -4.5660822758899755 0.8670610647366996
350 3150 0 0 0 0.42666440718781107 -5.878819011156138 -6.349664808204283 -0.5067556096807144 -4.5660829248891055 0.8670600939739972
351 3159 0 0 0 0.4266643444963008 -5.878818938538946 -6.350654033209869 -0.5067557976399946 -4.566082661997095 0.8670597135132809
352 3168 0 0 0 0.4266642920739602 -5.878818917222275 -6.351115779000415 -0.5067557213855725 -4.566083812872941 0.8670595088358466
353 3177 0 0 0 0.4266642691861252 -5.8788189069424694 -6.354860425877072 -0.5067557740351271 -4.566082977694387 0.8670596375119521
354 3186 0 0 0 0.42666423379293966 -5.878818879800655 -6.355877411736399 -0.5067558091664602 -4.566083001251235 0.8670606980775328
355 3195 0 0 0 0.42666428944210916 -5.878818927319823 -6.351363905343966 -0.5067558016890313 -4.566083224232509 0.8670601921891538
356 3204 0 0 0 0.42666449089927594 -5.878819075781914 -6.350295931237816 -0.5067558164567686 -4.566082986024864 0.867059923547972
357 3213 0 0 0 0.42666439886541735 -5.87881901139427 -6.3500918913627435 -0.5067559569457919 -4.566083238190301 0.8670595165629399
358 3222 0 0 0 0.4266643204147064 -5.87881895431519 -6.3518738475027305 -0.5067558421074606 -4.5660827436940625 0.867059418340532
359 3231 0 0 0 0.4266643000663426 -5.878818926806589 -6.350499215560218 -0.5067561174549401 -4.566083503314537 0.8670591476187534
360 3240 0 0 0 0.42666416608110275 -5.87881882890089 -6.3536857812494905 -0.5067561882702062 -4.5660835829114195 0.8670587838254274
361 3249 0 0 0 0.4266643716595241 -5.87881899182758 -6.352397038392719 -0.5067560958940242 -4.566083876478706 0.8670588974855193
362 3258 0 0 0 0.42666433517148994 -5.878818960183302 -6.348982153333972 -0.5067563027081493 -4.566084585064797 0.867058537739452
363 3267 0 0 0 0.42666421753091255 -5.878818855693822 -6.350607852616945 -0.5067561013616586 -4.566084304779647 0.8670588414348299
364 3276 0 0 0 0.42666432565078993 -5.878818931575783 -6.349066009647862 -0.5067562071693821 -4.566084760311635 0.8670585926797569
365 3285 0 0 0 0.426664204319367 -5.878818843773711 -6.350247969593937 -0.5067562255893142 -4.566084762693052 0.8670588806337829
366 3294 0 0 0 0.4266641637400318 -5.878818796456284 -6.3504299742133075 -0.5067561028135871 -4.566084568718474 0.8670591777693105
367 3303 0 0 0 0.42666421977381935 -5.8788188411624756 -6.350182348432899 -0.5067560196727918 -4.56608436125475 0.8670593741575696
368 3312 0 0 0 0.4266643511680592 -5.878818939801526 -6.351541331515624 -0.5067557889795428 -4.566083925617468 0.8670589615839057
369 3321 0 0 0 0.4266642251819487 -5.878818841676204 -6.350988163296711 -0.5067560084918835 -4.566083797095831 0.8670593589682924
370 3330 0 0 0 0.42666421281648104 -5.87881882717725 -6.353128062595393 -0.5067560694333494 -4.566083958099572 0.8670590264262215
371 3339 0 0 0 0.4266641654914172 -5.8788187936013765 -6.354398959686885 -0.5067560537542501 -4.566084111716302 0.8670585450785927
372 3348 0 0 0 0.42666421599672627 -5.878818834764208 -6.353541834934202 -0.5067561206362436 -4.56608426850606 0.8670583007423244
