% # columns="iter, evals, sigma, 0, fitness, xbest" seed=769447, Thu Nov 23 14:35:31 2023, <python>{}</python>
1 9 0.09893273964473287 0 44.32470158929923 0.36553743574141734 -5.299459023590462 -2.0913022546293982 -0.3674195948334572 -2.5141613711036577 0.5026725359507718
2 18 0.1326884341178449 0 29.828056657868565 0.3689261323698727 -5.3612574934228 -2.3436406888827475 -0.4098821498293876 -2.5097600410121914 0.45904618057590024
3 27 0.1727447026542948 0 16.415333951245636 0.3719301728710669 -5.468209723021539 -2.311497419909972 -0.27394726160178307 -2.752598615366054 0.4785840252573954
4 36 0.22349479823986854 0 13.984461111581332 0.36786419244084045 -5.5675352751723945 -2.8429150108291914 -0.26498674915567044 -2.3687306363928617 0.4729747954115473
5 45 0.24659352972809329 0 12.695906566980046 0.3578860391159238 -5.445672995999594 -2.5150589379677966 -0.010899360130445087 -2.4379800384759527 0.4244768051060843
6 54 0.29246490771203343 0 5.333618706906617 0.3608595918795046 -5.62470941101764 -2.323101418573049 -0.11228045685832988 -2.805183656637052 0.3902578965013896
7 63 0.3328240102726892 0 2.8902856691144585 0.356173081699691 -5.743833920067525 -2.882097274434528 -0.17521395960322406 -2.48807471727867 0.38681108804788183
8 72 0.3958848658294521 0 0.7854085029274458 0.35464262844301997 -5.883377135170454 -2.6332167176775543 -0.10601992828984294 -3.0273463905946123 0.4177323045380863
9 81 0.43260316862240406 0 0.6051192654140995 0.3637518418440396 -5.855535117546827 -2.444786985965786 -0.5832159210450442 -3.0328613668004465 0.4566082377693797
10 90 0.4448316822930563 0 0.707128114524127 0.36360111860248184 -5.938753389700301 -3.5082694340833256 -0.7889574715820916 -2.5610815244616463 0.335944664851824
11 99 0.49269906962158233 0 0.7103996278186481 0.35135996890387533 -6.070737315107937 -3.8618752761252915 -0.5774223096046904 -3.0893642194290702 0.38219915255739634
12 108 0.448898658526689 0 0.6879027831466676 0.3744998020296985 -6.125309917709673 -3.8878721302236143 -0.688953977784751 -2.6725890518343975 0.4375740305653718
13 117 0.37528144578244704 0 0.6533248728882 0.36803299579527626 -6.03356508155002 -3.934417640792259 -0.5164166811984792 -2.620132492268243 0.4577836248948105
14 126 0.35576686430521604 0 0.6558004247159194 0.38171826201329406 -5.973418782694198 -3.974346282818779 -0.5997756151524549 -2.575961161683679 0.42627374673973173
15 135 0.3452323575850314 0 0.5918612074780841 0.37504358651096603 -5.8454461919304945 -3.3831628252114343 -0.657563713988969 -3.0919335832075014 0.4376532369305013
16 144 0.3582671241756365 0 0.6366049497886898 0.3647932278329678 -5.887756944826327 -3.6855288835976365 -0.5048740056091942 -3.2526584737935393 0.39180800073067523
17 153 0.3342751567894077 0 0.6193267390083278 0.3804045445911735 -5.867166326474174 -3.0594326442409354 -0.41518221492588103 -3.295943687872921 0.3829633088111028
18 162 0.40083968068316805 0 0.5096373780678468 0.3790113883402064 -5.773401341649158 -3.015735309559044 -0.3486369759754959 -3.9610173565219418 0.4534801375498519
19 171 0.46054286716071485 0 0.21433858828911817 0.39988183927171944 -5.698652929982018 -2.442036118785772 -0.9130139965895242 -4.018868110108635 0.526238964427966
20 180 0.4548775897331038 0 0.2073816993564958 0.3788341942420304 -5.669409407817579 -2.4739964420916576 -0.6407668399283103 -4.197124959044949 0.45943891718255864
21 189 0.46072430665786995 0 0.38397706226363754 0.3790004230811557 -5.637246850504777 -2.923579100106519 -0.011236118010593182 -4.300936546767957 0.42248033210324537
22 198 0.505315877100194 0 0.30167611839860464 0.4285772992918625 -5.8291469983977695 -2.8788268722101136 -0.023683088673764646 -4.278466107762086 0.5260896516870261
23 207 0.5610825593145008 0 0.11565049171196605 0.4015396118732323 -5.663635789933129 -2.7561847411185947 -0.5606751528631021 -4.262261481037934 0.4677921084804962
24 216 0.6366451674113096 0 0.09264434025456522 0.421042296979938 -5.746059432361133 -1.5702792871582523 -1.4410394564436682 -4.268213814887124 0.5618404742078174
25 225 0.584982189223014 0 0.556715711978613 0.38066081891215503 -5.7143599378854155 -1.6984895719717557 -0.4392325649617306 -4.300053636001015 0.3658446951501737
26 234 0.5510974189546164 0 0.27610306051655803 0.438956438129117 -5.648688196613916 -1.2790589398448446 -0.5622758963533715 -4.222798361861053 0.4602601282775602
27 243 0.522202557927915 0 0.17835359201854573 0.40685368149710927 -5.663820463103304 -2.289155916878812 -0.7987876396482967 -4.229653099291384 0.4298256252695905
28 252 0.5205439258832075 0 0.12499804385965424 0.4044652771070265 -5.618692694124453 -2.22655094520789 -0.5886891653034243 -4.262658656114128 0.43092814171737986
29 261 0.44066820988787997 0 0.19509799073786685 0.38199854735007877 -5.60745449623083 -2.9065191680912372 -0.3886202834091502 -4.269727688437295 0.4527727586289941
30 270 0.45689377767099953 0 0.2654444538059591 0.3804003624391983 -5.665666933751757 -2.9493698594930775 -0.5277622141486047 -3.8873454968197354 0.4497041040202916
31 279 0.400956258798931 0 0.16782885675570824 0.40562100851157157 -5.64728770557109 -3.2485719470124637 -0.27382758950311964 -4.218160024525327 0.45276274203541617
32 288 0.3798846782387792 0 0.21580194455838148 0.40254314966215715 -5.681470542502127 -3.5672749311136442 -0.47326762863166705 -4.151182740571495 0.4391448168617577
33 297 0.30716839316984057 0 0.13562581355725462 0.39112391396004254 -5.588457543798484 -2.822071106994167 -0.6536786699813697 -4.291828336925962 0.3853583381044926
34 306 0.297089135022025 0 0.15491818095094625 0.41106630790060156 -5.664015493841762 -2.874458365101023 -0.2815807202434878 -4.24673906608544 0.48318728264196065
35 315 0.30468715768558213 0 0.0872102251038743 0.4278461954794142 -5.692167165179748 -2.5843510663587566 -0.6419113371633206 -4.3003783767612305 0.4955385357657677
36 324 0.31797521804271833 0 0.0884301266573003 0.452011605871914 -5.7326675462071295 -2.9461627519850153 -0.42000860511673577 -4.272168892927276 0.5241145053481417
37 333 0.2879186895379915 0 0.1110681158572909 0.4412066819773877 -5.687692332009698 -3.0164030540386 -0.401110870585719 -4.219498224008952 0.47781781363154996
38 342 0.25545867216749213 0 0.09159994402325679 0.4357290106310666 -5.70720668079352 -2.786264144891544 -0.5673988787430392 -4.279134088793611 0.49833525377813076
39 351 0.2145421773400294 0 0.10629280423916168 0.42774188542360836 -5.691361251359248 -2.938429536584007 -0.5699319286487785 -4.30016689188474 0.4735341634363887
40 360 0.19336669323752292 0 0.10046730078558669 0.4395172668319461 -5.708954940103482 -3.1227212852915676 -0.6547230597347087 -4.299323544689463 0.5030341516665736
41 369 0.19272138719886375 0 0.09049055015976643 0.4178152904217873 -5.677459677461188 -2.9415732989689998 -0.5098645329501219 -4.296399813215962 0.49142390388643403
42 378 0.1619539280499046 0 0.0905385653667543 0.4297866402559171 -5.6906200042581485 -3.086246786677969 -0.5880232545329389 -4.2820063555543255 0.49184288963832035
43 387 0.14071587968508237 0 0.08980505829907418 0.42694383817159204 -5.694971782589216 -3.0364165242220826 -0.44140104138567093 -4.29698470041515 0.49616958059656646
44 396 0.13200876178527376 0 0.092631441568172 0.423920693091644 -5.694008547368268 -2.8351122194311835 -0.46203917153547286 -4.269292174784884 0.5012113570914009
45 405 0.11125863568277015 0 0.0888117664745849 0.4214640950408856 -5.676230685572741 -2.850448357454604 -0.5384104824111606 -4.300596260787925 0.47884209530636423
46 414 0.10364835751191359 0 0.08840431911297415 0.4274441114842042 -5.681023472121879 -2.9617397985017284 -0.5218916410717773 -4.3003199013818705 0.4889849491289976
47 423 0.09771693056006736 0 0.08469227167336867 0.42818315001166607 -5.703498697915671 -2.980342861698715 -0.4726940655290966 -4.299931859283195 0.5058988593548276
48 432 0.1152684193810126 0 0.08245105857643471 0.42427164934293937 -5.70391008386884 -2.9070735340663805 -0.5191063305193493 -4.289215480117022 0.5146866816417891
49 441 0.13766691914181145 0 0.08093282281630906 0.4216563251720871 -5.706673010864248 -2.7946603939397603 -0.5348304620498258 -4.2963230122960105 0.519794968204072
50 450 0.13257880387470874 0 0.08756807887743837 0.41639689704141036 -5.69071632490917 -2.831938306276022 -0.6351103829055191 -4.300476482261853 0.5123332933627212
51 459 0.12860941542453452 0 0.08569139416667934 0.43215724805094496 -5.725164770587182 -3.030577001289709 -0.6254636310381254 -4.293582140830191 0.5325778574967079
52 468 0.11097341889759754 0 0.08313909752925358 0.4228271136580579 -5.696203104896062 -2.8736394728203387 -0.5153637419596604 -4.299541544119 0.5069010566674397
53 477 0.10803803447459559 0 0.08289768454554847 0.43407535221654 -5.728526614854159 -2.957369350923548 -0.49595301545661225 -4.264055908501835 0.5330690947079554
54 486 0.10943343405434722 0 0.07785275594236322 0.43419376648976243 -5.72916903703262 -3.0341526577275246 -0.5164236579833619 -4.296222864346894 0.5488998115093345
55 495 0.1215172372447821 0 0.07326829764192871 0.43405049592084355 -5.745626155973427 -3.0583977468197876 -0.5273036352216773 -4.293866767883452 0.5587526440568455
56 504 0.15729767667210634 0 0.06425410697985778 0.4407097631005051 -5.7811433620053725 -3.081691840119411 -0.47361788022074347 -4.297447450149193 0.6097695279270452
57 513 0.18484004375631338 0 0.06944542879307164 0.4462711709634866 -5.788438636537625 -2.873263091990688 -0.5341308113578465 -4.282007440134548 0.6173882286066326
58 522 0.18698902842326956 0 0.07092448402338375 0.4364546655673426 -5.786596071891998 -3.20598112653688 -0.5798816175092842 -4.286952616882467 0.6129158311574608
59 531 0.1882850116597886 0 0.0684539130216065 0.4294258106225838 -5.770448895566772 -3.1278251967587427 -0.5043015612721061 -4.2977909756971195 0.5955361658792002
60 540 0.19200783988889514 0 0.061878478858957954 0.44296362825957325 -5.806103255156952 -3.1756713068661013 -0.4162916670531305 -4.300824373363686 0.6420092761908767
61 549 0.20029237289233384 0 0.057281412205979265 0.4390041402120485 -5.820225812449411 -3.0237840169880728 -0.435850890405862 -4.298267725702478 0.6692646349569689
62 558 0.1869222153070778 0 0.0556307729987137 0.4528373232676828 -5.8652163564091415 -3.1894941438029205 -0.41833217253941635 -4.296369171930165 0.7186166957963701
63 567 0.17455135176695769 0 0.0571897591502411 0.4406102977459756 -5.820678660611345 -2.8568298770121614 -0.47871839440664654 -4.2915294098190655 0.6720581416356795
64 576 0.1710288358619519 0 0.05038840898304798 0.4346538730646585 -5.836720236906386 -2.868412687233362 -0.5197149066487488 -4.298786906875141 0.7009576274232273
65 585 0.16933931480077946 0 0.05082041044592261 0.444323729533 -5.853937213495084 -2.9781993866429706 -0.46182541173628255 -4.299921007767599 0.7156195494418611
66 594 0.1704123672523613 0 0.0540358990086771 0.43851232381900657 -5.860066740618999 -2.9773362571669257 -0.5120727689804425 -4.237235809616606 0.7287347403092346
67 603 0.15599287248399601 0 0.05268371176369903 0.44009856613732495 -5.8584900549422265 -2.9830046013599647 -0.43644084719867127 -4.275920391520274 0.7298484495134289
68 612 0.14986762677047416 0 0.048750065440694546 0.4408356118702479 -5.865093552255057 -3.040904348628604 -0.4580976129533893 -4.300336210533405 0.7347293546860559
69 621 0.15150474545699694 0 0.04699515107746914 0.433779866281083 -5.864071952337799 -3.1663384853622234 -0.5032425838567377 -4.299510530165587 0.7398096127213885
70 630 0.14055160157814467 0 0.048768344404576426 0.44000014768849705 -5.861021483931908 -3.1912199611162113 -0.4789667377042163 -4.300657509067337 0.7280999259797307
71 639 0.1368808979461171 0 0.049305530401231965 0.4421986080809495 -5.860179032530118 -3.225613253548003 -0.4972496419340621 -4.300965369614824 0.7253316866979486
72 648 0.11622901384973684 0 0.04792864194054572 0.4362457341165858 -5.852156353408824 -2.9223975243490936 -0.5102064375702691 -4.300706088461141 0.7231061994205031
73 657 0.1075343393255182 0 0.049857427649580545 0.44047841322461084 -5.850314559086396 -3.1507152410925463 -0.5086520849047917 -4.301018424117574 0.7143952233452551
74 666 0.10712731677722824 0 0.048393358274953696 0.4332354601429533 -5.850416635499099 -3.005242717384323 -0.4985331705891953 -4.293656617835604 0.7255302983670423
75 675 0.1013854815834911 0 0.047379181352636024 0.43375221357833105 -5.85227288445114 -2.989976702775168 -0.5216380818334638 -4.300982737210904 0.7252632631081094
76 684 0.09934661514183943 0 0.04715832292879514 0.43236197130751364 -5.851523181033093 -2.9753599062285105 -0.5043640119335194 -4.3010299730816435 0.7261718285699387
77 693 0.10704058456936803 0 0.04607341453380261 0.4320347283779568 -5.858801233274952 -2.906705375500201 -0.5276445080231528 -4.300804370137787 0.7370799366202924
78 702 0.12211355918160066 0 0.045548856896181315 0.4318784192582236 -5.860877490999045 -3.0280719366303672 -0.5117281299156171 -4.300428582494564 0.7425646129511708
79 711 0.13694698555504986 0 0.04498095480107543 0.4281897114112368 -5.86166156152099 -3.030478752032582 -0.5187116831317367 -4.301018469658187 0.746442328339738
80 720 0.13619429640781663 0 0.045312913367877544 0.42514351427539104 -5.8579385002657585 -2.8226810658457815 -0.5506914054825525 -4.299023140432264 0.7458151053714644
81 729 0.13698862081367089 0 0.04544139762874722 0.4278698459616032 -5.862951329607959 -2.8456138362242704 -0.5462342643112764 -4.294166865965463 0.748593460817314
82 738 0.12639399985567767 0 0.04519731063943302 0.42618902710944184 -5.862148164414431 -3.017451991465 -0.5444069813412943 -4.300060296185586 0.7488125021009494
83 747 0.1211297657573386 0 0.0452543729434751 0.43356053361026037 -5.867774832746592 -2.9984018362238953 -0.5072650652632998 -4.297077562352133 0.7530618577430268
84 756 0.1074800380678468 0 0.04509411945080192 0.42923965984072104 -5.8607000563946805 -3.210282117458809 -0.51238725442321 -4.301005032423789 0.7458049334005212
85 765 0.09404874924228035 0 0.04542007382352245 0.43147178967335986 -5.8670380860301306 -3.1398764305403213 -0.5184116468188749 -4.300994711539583 0.7488780700838814
86 774 0.0786731538468676 0 0.044907542265499506 0.42816775905446697 -5.864314279502765 -3.1077529553986545 -0.5279169247256479 -4.300665360457576 0.74976904327266
87 783 0.07578241302423724 0 0.0450101802340021 0.43010605620545844 -5.864544807025733 -2.9269400045088476 -0.5005721159472212 -4.301029876874252 0.7498600586002198
88 792 0.06978947202536535 0 0.04494385858661326 0.4283055405311195 -5.8699259565277675 -2.8978858126560585 -0.5169613421019834 -4.292558771076103 0.7580395011724366
89 801 0.06482997032666674 0 0.04461013387008281 0.43135085074412377 -5.867059351944675 -2.972932839955733 -0.5102016663423035 -4.3010286350727 0.7517868894170003
90 810 0.061049531040647136 0 0.04436743681740745 0.4282340459282066 -5.866223965013298 -2.9979111736498965 -0.5230363094246681 -4.298201667449215 0.7547372552931385
91 819 0.05167611084723833 0 0.04455762067893547 0.42920141289534003 -5.865290535692373 -2.946408019626027 -0.5179753025669431 -4.299174381680394 0.7523439584013449
92 828 0.056661015193923504 0 0.04431749210688582 0.4283254563194821 -5.867377961267233 -2.9903549021533715 -0.507593698508844 -4.30031908067189 0.7560522793871269
93 837 0.05462866749465476 0 0.044310460996350096 0.42565181207489855 -5.863732853189766 -2.944838868623556 -0.5294839180282083 -4.299862027158062 0.754718550567042
94 846 0.05739677294098904 0 0.04421971957411901 0.4269907045726063 -5.864891351460663 -2.967538063112947 -0.5272683885084248 -4.30075213716771 0.7558738218708259
95 855 0.06263371580264529 0 0.04397967514328311 0.4274184820364243 -5.866865522836753 -3.067244649854984 -0.5160772414663503 -4.3006579921112 0.7582249753772662
96 864 0.058668603220374274 0 0.0440162546634687 0.42858838598179694 -5.869104968795831 -3.0182476396995335 -0.509970814614823 -4.300606328627252 0.7584363798397964
97 873 0.06302363608999652 0 0.04395994014889679 0.4306259996900074 -5.871176955582276 -3.051752283171404 -0.5125238571978621 -4.300532033668359 0.7591475630626499
98 882 0.06967327576433018 0 0.043966828509923526 0.431944438039179 -5.874912825257256 -3.086112703645254 -0.5130852491425113 -4.300371671018665 0.7625612823163251
99 891 0.08248891963881338 0 0.04385447309478981 0.43183572717305574 -5.876471748826467 -3.1257455246815975 -0.5132900143805205 -4.300966484331384 0.7648478070624503
100 900 0.08569872496070975 0 0.04341120069232545 0.42620761919152234 -5.870306778965524 -2.913560028729377 -0.5323142449933077 -4.3006869904767315 0.7638820485150389
101 909 0.08182860876032219 0 0.04347475686894112 0.4277709848886072 -5.871463089040139 -3.098485063731824 -0.5262017900886725 -4.301025952755446 0.7634200044745492
102 918 0.0989253096807566 0 0.04356613556698241 0.43109346386335834 -5.878457991057348 -3.2265385312376296 -0.5169842728325601 -4.300329989238056 0.7690492833009639
103 927 0.1027082931901073 0 0.04346514860717854 0.428324117116214 -5.87699918383822 -3.31147461051403 -0.5242870076001244 -4.300906259157026 0.7698263065921636
104 936 0.09233495426992626 0 0.043225082859696076 0.42734253553750323 -5.875010417587233 -3.071119278694399 -0.5224123494669177 -4.3009449312844446 0.7685919011177526
105 945 0.0847231367883323 0 0.043181313285613025 0.427002884545707 -5.874558720846913 -3.1496586008917022 -0.5298814413095816 -4.300826931660757 0.7688080703430054
106 954 0.08902199288794449 0 0.04289281389455424 0.427457362816036 -5.874348700334983 -3.0725845337045574 -0.5184475434829675 -4.3007779248760425 0.7698556114375126
107 963 0.08283171585971849 0 0.04296428180448335 0.4276504566383095 -5.87494696844783 -3.223578364841901 -0.5103336790277117 -4.301004128161298 0.7694765684017482
108 972 0.0832374635588948 0 0.04309451711115499 0.42871763818114106 -5.877113159375793 -3.2440276578950846 -0.5241324685605602 -4.298447575569244 0.771415813534446
109 981 0.07980427897530816 0 0.042792118262084226 0.42569027347671473 -5.875002545960035 -3.1715336571305794 -0.5272465139056888 -4.300075779058924 0.7722063840943706
110 990 0.07719174889136211 0 0.0427122032224421 0.4248900810760454 -5.874937706555445 -3.1749226218036797 -0.5299708880486773 -4.300407385492983 0.773243033752397
111 999 0.07892701191763069 0 0.042696839897655076 0.42727836551233034 -5.876499475438015 -3.079706130542583 -0.5283719035229558 -4.301006675010339 0.7727129219255646
112 1008 0.08657530505935958 0 0.04271358440879478 0.4228102405928208 -5.874470043283035 -3.0868457547064216 -0.5319124164528293 -4.2997318896331045 0.774986340469862
113 1017 0.07503110322943995 0 0.04274600346231332 0.4277267230169822 -5.878023473515593 -3.107629843941356 -0.5207416571496567 -4.300789375400945 0.7736099008414987
114 1026 0.06607940079569634 0 0.04266076428163251 0.4258138277438989 -5.876891917429711 -3.0595941013974826 -0.5323858380571852 -4.300499854687123 0.7745581418310294
115 1035 0.06316121590699839 0 0.04259851508379521 0.4254645418204662 -5.875968501288585 -3.1448908436225085 -0.5266037389989514 -4.301017339953173 0.7739533961600774
116 1044 0.06517726358361683 0 0.042584832966394696 0.4251144810355481 -5.876252824424404 -3.146056176058533 -0.5291731019557415 -4.300986596232453 0.7746795150200481
117 1053 0.06147383819072174 0 0.042551234601971674 0.42572634952097055 -5.8767843438024645 -3.2122594307801386 -0.5223463926234674 -4.301000371217779 0.7747366427894309
118 1062 0.05811321971312348 0 0.04258634789101155 0.424215319768179 -5.875913543087037 -3.1546120922681293 -0.5360944492410238 -4.300578018343701 0.7757114028073822
119 1071 0.052073532084434514 0 0.042540854449537924 0.42590701532246716 -5.877334862676717 -3.2518265787606455 -0.5236226292802226 -4.300831812483087 0.7752992906427717
120 1080 0.04746765538121174 0 0.042517151849747845 0.4265856114845772 -5.8771584686769405 -3.2104428706595427 -0.5155212965778665 -4.301014916525832 0.774641412542196
121 1089 0.048922538079187325 0 0.042540892115848515 0.42798282475157184 -5.87909220997692 -3.2802541215513723 -0.5154153465668512 -4.301013950164255 0.7754043572601355
122 1098 0.04882394950035083 0 0.04248223962927209 0.42817131326249397 -5.879178481816714 -3.2920366071946936 -0.5129418320273934 -4.300797745172656 0.7756961272191714
123 1107 0.05204117087634136 0 0.04241871296905368 0.4274956460693446 -5.878465520193171 -3.24517783619702 -0.5203267023603547 -4.301023965022147 0.775844078186696
124 1116 0.05459092148480966 0 0.0424240595118855 0.42733377072787987 -5.878504892363521 -3.2413808472644092 -0.5192632344701613 -4.300990855107853 0.7758802384285503
125 1125 0.051830745807623875 0 0.042397606518447845 0.427173197856312 -5.878448149348186 -3.184716917397729 -0.5235304372086305 -4.3009282744880855 0.7762349767946262
126 1134 0.04718027456028003 0 0.042406610364350825 0.4269004480413345 -5.877707008583672 -3.2065838238875726 -0.5204041705763367 -4.300954533580493 0.7756435856370513
127 1143 0.049777180413355035 0 0.042392437243120557 0.4268400878369647 -5.878975731927337 -3.221052772968784 -0.5198882780239236 -4.3008766802981295 0.776886331078111
128 1152 0.0595499766993006 0 0.04235161188616062 0.4265452243405122 -5.878361908959087 -3.2656507433522255 -0.5177699209389474 -4.300730675900246 0.7767637402922597
129 1161 0.06810822206459816 0 0.04230092479742745 0.4271234869469078 -5.878517073587273 -3.2132153165531423 -0.5197138580285852 -4.300984901228529 0.7769197047664872
130 1170 0.07411576466084926 0 0.042351458001407084 0.4291469710605231 -5.8801503062814335 -3.2256482775647712 -0.5133479372838543 -4.300711338942388 0.7771252036436337
131 1179 0.06848904115289514 0 0.04238290670578778 0.42852359716133437 -5.879310439710852 -3.234336869035531 -0.5089461989577914 -4.300738972108303 0.776564330696661
132 1188 0.06546449768722783 0 0.04235594462852348 0.42663941896843055 -5.877909025938877 -3.318200359279237 -0.5167650288029064 -4.300111976849902 0.7768659163470419
133 1197 0.06360637002288042 0 0.04230817002774752 0.4256106453171544 -5.877497483793059 -3.229369357411472 -0.5210833103233662 -4.30055501241664 0.7772223649158132
134 1206 0.05662083719512913 0 0.04232379129196625 0.42660540369144295 -5.877729706920856 -3.2237956108046437 -0.5206725573426764 -4.30099506912308 0.7766536789939957
135 1215 0.051303652383938914 0 0.04231889704754231 0.42750654024039647 -5.8787879877804095 -3.135111814972158 -0.5191363115483366 -4.300930459843837 0.7767649246346595
136 1224 0.04599864208203919 0 0.04230440907998055 0.4262907833535371 -5.877935893348475 -3.189035612114169 -0.5185643091854627 -4.3008567957116375 0.7769528253608289
137 1233 0.0515437323884587 0 0.04228510695669095 0.4273288501552306 -5.87927392591702 -3.216101893110618 -0.5161380033080155 -4.300941837662317 0.7773985864711411
138 1242 0.05804600178450868 0 0.04226806489145024 0.4261986010390151 -5.878268367864834 -3.2193736864601346 -0.5158715254404891 -4.300923736382099 0.7775165892328137
139 1251 0.05354777726996763 0 0.04226393542864637 0.42602361047772086 -5.8780384442889435 -3.1827976946875802 -0.5196145228253841 -4.300972564542923 0.7774182477007632
140 1260 0.06366544974714404 0 0.04225484383557028 0.4261489034877337 -5.878255353561256 -3.208235531957655 -0.5145125057025036 -4.301023826416897 0.7777235380466765
141 1269 0.06821704125524122 0 0.04224604225847958 0.42623574672278347 -5.878262845588521 -3.224117593652894 -0.5176944414801293 -4.300976391549634 0.7775927493696166
142 1278 0.06845769193258229 0 0.04225052003226783 0.42649822863613535 -5.878878372943403 -3.334048319543858 -0.5120130721803979 -4.3005817314458925 0.7780554008598529
143 1287 0.08217843775781822 0 0.042232259022162176 0.42749129005671405 -5.879547709350616 -3.346760913128322 -0.5095943893788984 -4.300696547751472 0.7781496554093542
144 1296 0.08618044672313631 0 0.042239740898329395 0.42836807829669693 -5.880293667655109 -3.301326620252934 -0.5096483331400143 -4.30088816522644 0.7781355242550675
145 1305 0.08165080472320013 0 0.042228725528188155 0.42736184629563945 -5.879531925682941 -3.280451186191501 -0.5189220676879446 -4.300921480056788 0.7780861059007764
146 1314 0.07610694769099025 0 0.042215993343519005 0.42642042477635345 -5.878754813600007 -3.2435996499044006 -0.5207808874176661 -4.301012880480005 0.7780283301479647
147 1323 0.0644349859542028 0 0.042212787508160245 0.42766869320279166 -5.879534599677707 -3.2302812495094053 -0.5170218868263466 -4.301006257159101 0.7780689447936364
148 1332 0.05619461874788634 0 0.042207050950739886 0.4265850177635486 -5.878790596156179 -3.2873258455640166 -0.519133344584449 -4.300893676949354 0.7781474417191434
149 1341 0.05736157210541998 0 0.042201386016365486 0.4272234767219652 -5.8792767981561225 -3.3113824660522035 -0.5132246548699474 -4.300970956243204 0.7781442851482497
150 1350 0.058624999965390064 0 0.04221860973397079 0.42653294712503326 -5.87867139016732 -3.3976674923847465 -0.5130824695218523 -4.300654450963903 0.7781353515130502
151 1359 0.04816812655526299 0 0.042211037649544814 0.42642870862253146 -5.878435122702596 -3.2901825093092394 -0.5166028785423673 -4.30087784668353 0.7781030008209995
152 1368 0.04391543368651101 0 0.04220124206514689 0.4275350309325217 -5.879518259836462 -3.2902511325727435 -0.5142660115822046 -4.301021954487058 0.7781410192362896
153 1377 0.04214306336500219 0 0.042206801433919014 0.4274700396934592 -5.879286309857718 -3.308676554740387 -0.5150842842800443 -4.300981773005758 0.7781389706345522
154 1386 0.037222723368896336 0 0.04219623161772884 0.4270533802918395 -5.879108289480949 -3.2765170503232954 -0.5159632949474625 -4.3010296454933785 0.7781260275676963
155 1395 0.03556688148325626 0 0.04219670553229553 0.42678100030877997 -5.878779582010134 -3.304600051067201 -0.5168364477972145 -4.301028215560011 0.7781448467491241
156 1404 0.03176198385106717 0 0.04219759947303499 0.4272351452849404 -5.879200103047447 -3.2953181540057193 -0.5154460910945178 -4.30102998747895 0.7781340543765841
157 1413 0.028043071319880236 0 0.04219703173566478 0.42703838430141144 -5.879012987176463 -3.3343858654205096 -0.5131672903660227 -4.301018070381201 0.7781512452170788
158 1422 0.02615362637250663 0 0.042196743322919165 0.4270613658372387 -5.879026952024123 -3.3070499506602684 -0.5158615743905758 -4.301028651494933 0.778140697126839
159 1431 0.022787506226710084 0 0.04219729770100656 0.42724020829803316 -5.879216832486883 -3.3255884908054387 -0.5145504894641783 -4.301011406506849 0.7781467260615449
160 1440 0.018713407336934548 0 0.042195223001262105 0.4268470897318276 -5.878912591826289 -3.303460239410554 -0.5168845408409125 -4.30102652100323 0.7781447839226691
161 1449 0.01744227684838715 0 0.042194625907346336 0.4270083202367325 -5.87913517076507 -3.325149031070639 -0.5153628301377519 -4.301027160936388 0.7781475859228436
162 1458 0.017928930984239883 0 0.04219306283834194 0.4266808867043151 -5.878810111863653 -3.3249604262501573 -0.515933697644175 -4.301023779667008 0.7781493164603767
163 1467 0.019003702006919723 0 0.04219310860136782 0.4265678154981413 -5.878752305479747 -3.3067557471442877 -0.516575971929153 -4.301029747892285 0.7781466276480034
164 1476 0.01793337640458175 0 0.042192954485623616 0.4266960561077767 -5.878873312596067 -3.303989101410049 -0.5160936894557063 -4.301026925807311 0.778150720227722
165 1485 0.016975144567966168 0 0.042193251233516596 0.42652057256920567 -5.878710420295327 -3.297860520623419 -0.5168560414434021 -4.301027485632342 0.7781485819550856
166 1494 0.015463630945160902 0 0.042193034275441375 0.42647806786825887 -5.878680544228303 -3.316443104382477 -0.5166545603263268 -4.3010297220377485 0.778150015100896
167 1503 0.01461671445498682 0 0.04219258573555838 0.42673480196972724 -5.878881418474281 -3.310491246701827 -0.5158497787189853 -4.301029467895635 0.7781512503785888
168 1512 0.014841165514450834 0 0.04219260348205142 0.42665552077602376 -5.878817587782358 -3.3285094322633673 -0.5153182488875793 -4.301029537098388 0.7781491570263186
169 1521 0.01493158723555556 0 0.042192629239485864 0.42666558204981336 -5.878794207609369 -3.3271729460495294 -0.5158447074766247 -4.301029881964756 0.7781495179182953
170 1530 0.012651680706924929 0 0.04219255687939234 0.4267415940349033 -5.878861625289101 -3.327151630102969 -0.515076753980702 -4.301029838940451 0.7781507460354324
171 1539 0.011080309353282409 0 0.042192646058531694 0.42671348343462706 -5.8788304826961415 -3.316945446748704 -0.5154670784436277 -4.30102961045556 0.7781504724974928
172 1548 0.009033195404089586 0 0.0421924817108724 0.4266440342051388 -5.878799438126397 -3.321960249619792 -0.5155523523942713 -4.301029840074127 0.7781506326307549
173 1557 0.00778219268249727 0 0.042192487760189114 0.4267289792264256 -5.878872016926408 -3.32040943335074 -0.5154883606980746 -4.301029899891881 0.778150841163586
174 1566 0.008187447272497055 0 0.04219245224497887 0.42666459722631606 -5.878809809207872 -3.321717528790404 -0.5156537596970568 -4.301029134015713 0.7781512349000961
175 1575 0.00981834713908701 0 0.042192392333195584 0.42669970517634215 -5.878825448560069 -3.33593196163728 -0.5152275625992868 -4.30102910943179 0.7781512274082074
176 1584 0.010110103380983561 0 0.04219253055914648 0.426711853599204 -5.878847487702032 -3.3343147705310527 -0.5153086287587123 -4.301026857441602 0.7781509025666277
177 1593 0.009696791022039094 0 0.042192408942693674 0.4266788447212919 -5.87882523050674 -3.337831999556455 -0.5152989396952656 -4.301029230281149 0.7781499548253887
178 1602 0.00960214637948421 0 0.04219232755453714 0.42666531151386605 -5.878814427142122 -3.3377821368026273 -0.5153928316082385 -4.30102892575266 0.7781512266770629
179 1611 0.008828781459857504 0 0.04219241506969926 0.42665819417114076 -5.878783333636616 -3.336620015355872 -0.51538152104689 -4.301029669220149 0.7781511274762732
180 1620 0.008433761268805242 0 0.04219230106851929 0.4266200367674675 -5.878774434327154 -3.3370703496969347 -0.5155684292145031 -4.301029992494409 0.7781512308758354
181 1629 0.009184335605658152 0 0.04219220004580417 0.42664402646305655 -5.878788129165031 -3.3526051589055887 -0.5150605335345105 -4.301029871157232 0.7781509542595609
182 1638 0.009055458047229067 0 0.04219222679712628 0.4266603193429938 -5.878812974736109 -3.3467494238904174 -0.5150681434663031 -4.301029883171999 0.7781510068281072
183 1647 0.00990849018450003 0 0.042192266681537784 0.42669588483752796 -5.878850056476201 -3.354122883566118 -0.5148925875087238 -4.301029971581475 0.7781498862675933
184 1656 0.01064729977057848 0 0.042192167939379854 0.42665879624161773 -5.878806879742591 -3.3707613828139706 -0.5143894372088347 -4.301029994100813 0.778150519149709
185 1665 0.01129327522377431 0 0.04219208045435541 0.4266698580603064 -5.878819681926853 -3.3692599183697904 -0.51456314986301 -4.301029731068013 0.7781509418144291
186 1674 0.012149799471913823 0 0.04219203072591105 0.42658909714984367 -5.878752956724145 -3.388741405477138 -0.5142927204822425 -4.301029928222252 0.7781509065020514
187 1683 0.011997521011444441 0 0.042191990898836004 0.42671473015253053 -5.878860672185566 -3.380733448257626 -0.5143014549422903 -4.301029888985063 0.7781510252842072
188 1692 0.012854042759486725 0 0.042191931860445224 0.42675864058950774 -5.878888301348421 -3.3943045763331017 -0.5139197467800283 -4.301029972392112 0.7781512273072743
189 1701 0.012126629157765368 0 0.04219190209822746 0.426738657549167 -5.8788711285022455 -3.3942571870189897 -0.5141490690942752 -4.301029603494954 0.7781512495817361
190 1710 0.01122235848910355 0 0.042191916657342496 0.4267236373857275 -5.87886388775658 -3.402802698830516 -0.5137316340346236 -4.301029279249247 0.7781512114631393
191 1719 0.0113555207925325 0 0.04219175021094044 0.4267055929506562 -5.878848999935028 -3.4094825009455367 -0.5138387734964485 -4.301029952441266 0.7781512210137831
192 1728 0.013195592992636056 0 0.04219170256427629 0.426728148245299 -5.878850594139168 -3.4315380007303333 -0.513364611818561 -4.3010296548414235 0.7781510065939742
193 1737 0.015485464373685856 0 0.04219170086916762 0.42665179871314585 -5.878771818032887 -3.46381924335688 -0.5128124918056157 -4.3010298767362025 0.7781510193944696
194 1746 0.01945042266234561 0 0.04219138391074998 0.4266599182106183 -5.8788011728437555 -3.4787200114932273 -0.5126841976626341 -4.301029994147387 0.7781510737504344
195 1755 0.021941378550707998 0 0.04219143003565032 0.42676660532468663 -5.878894918691595 -3.488224657639729 -0.5122687811832269 -4.301029956725136 0.7781509593285822
196 1764 0.023072014542708488 0 0.04219133993674868 0.42670788541339266 -5.878848679971855 -3.478668153534805 -0.512964883794025 -4.301029701947933 0.778151088624175
197 1773 0.02451824590310065 0 0.04219138742022894 0.4266357928305058 -5.87881575501808 -3.490157023884826 -0.5131616388221667 -4.301029995641572 0.7781509073088803
198 1782 0.025100635671370643 0 0.042191255430407956 0.4266320574392284 -5.8788129805581955 -3.510665857413946 -0.5125453929731822 -4.30102885979802 0.7781512001476106
199 1791 0.02661493564151107 0 0.04219137157668909 0.42674359370275716 -5.878896962966337 -3.564343858203071 -0.5114725368776911 -4.301023632495643 0.7781511345586313
200 1800 0.026040511133920533 0 0.04219145502024158 0.4267180437845014 -5.878886716513815 -3.501778770618942 -0.5127527007348414 -4.301029892854071 0.7781499503014816
201 1809 0.023782834538011277 0 0.04219137678818913 0.4267023655174213 -5.878834153344873 -3.490061374184936 -0.5128708734477164 -4.301029552902564 0.778150300827127
202 1818 0.025349764292751115 0 0.04219104895405499 0.42662122175622486 -5.878751145992712 -3.589419845340285 -0.5112823173031132 -4.301029131503848 0.778151250298278
203 1827 0.023964900636134438 0 0.04219100954597294 0.4267362266474732 -5.878868339735502 -3.5489853115764665 -0.5118134783568868 -4.301029975525345 0.7781505140792535
204 1836 0.023113408191523882 0 0.04219112803275994 0.42662009994710237 -5.878775065835927 -3.554188630515454 -0.5124011596243766 -4.3010284879860645 0.7781509212690195
205 1845 0.023773030379487286 0 0.042190784009062586 0.4267080772575478 -5.878831236087139 -3.5941943438922084 -0.511431977174711 -4.301029760867194 0.7781511977300747
206 1854 0.02271118567532246 0 0.04219077575067919 0.4267089065210893 -5.878833972882286 -3.6243401602623226 -0.511024506738448 -4.3010275887404035 0.7781512008256581
207 1863 0.020176990758820342 0 0.04219067671056732 0.4266908637000454 -5.878825784042399 -3.611671005302128 -0.511049045858528 -4.301029941689288 0.7781511886914944
208 1872 0.01884203590323701 0 0.04219080055224973 0.4266901539447141 -5.878809162609698 -3.661646770095124 -0.5102946523310323 -4.301028809889633 0.7781508516621196
209 1881 0.017463358765726796 0 0.04219067296080633 0.42665293563789086 -5.878778987607075 -3.6488418641813736 -0.5108625673902835 -4.301029866401073 0.7781503114649329
210 1890 0.01699577507697627 0 0.04219059899106595 0.42660390865871756 -5.87876466559186 -3.6571300966313 -0.510812135350755 -4.301028312482603 0.778151243079501
211 1899 0.016168327289636006 0 0.04219059385932291 0.4266346299228617 -5.878791620658633 -3.6509360251606506 -0.5109445239713193 -4.301028887205918 0.7781504138202409
212 1908 0.017439367536744403 0 0.042190508346632016 0.4267705811465612 -5.878899800376827 -3.6938654494195315 -0.5101837264249037 -4.301028904527411 0.7781506899755064
213 1917 0.021225535311407768 0 0.04219032904891025 0.4267545427363915 -5.878900422106579 -3.725239924288725 -0.510007500674756 -4.30102947245468 0.7781510586334438
214 1926 0.02365620316881173 0 0.04219029472014685 0.42668761860211246 -5.878836650787939 -3.713912315897774 -0.5105127747304994 -4.301029780237942 0.7781510480917324
215 1935 0.020458457937015225 0 0.04219043062440251 0.42674449862332714 -5.878873343268469 -3.7001537229545285 -0.5101874617394021 -4.30102999519867 0.7781500136199982
216 1944 0.018717285819566238 0 0.04219037905097652 0.42664862131615805 -5.8788069628809 -3.701266911688894 -0.5102368849936073 -4.301029928554351 0.7781505745012905
217 1953 0.0197733658150168 0 0.04219024622621105 0.4266415029204866 -5.878802613702935 -3.7144076027368156 -0.5105282473175135 -4.301029993941302 0.7781511327227865
218 1962 0.024549191229728425 0 0.042190174113573765 0.42664750153409486 -5.878807742263216 -3.766155013127342 -0.5100396078193513 -4.301029601417654 0.7781500799142039
219 1971 0.029780235226259662 0 0.042190041990473465 0.42667898019592565 -5.878842552680971 -3.8223667283241087 -0.5094175561022376 -4.301029791585289 0.77815000279823
220 1980 0.034193166314368965 0 0.04219005908196385 0.42675120650046944 -5.8788970842160655 -3.8262453776639083 -0.5090508382022916 -4.301029669411761 0.7781512474463074
221 1989 0.03928771408732484 0 0.042189865864258304 0.426726463380506 -5.878889836214929 -3.900055426501735 -0.5090201732349205 -4.301029878432386 0.778150851602147
222 1998 0.04150759382936928 0 0.04218975415250321 0.4267207387356423 -5.878875992021794 -3.9133689487714776 -0.5087598671475392 -4.301029994329496 0.7781511727969426
223 2007 0.03890620046441702 0 0.04219033825183802 0.42668655541230954 -5.878855458933556 -3.914640741505783 -0.5087830466950701 -4.301027544485425 0.7781461747484947
224 2016 0.034642824401725204 0 0.042190172458364275 0.4265859171813648 -5.878764609928505 -3.9209342952540247 -0.5085846754780121 -4.301029995604052 0.7781494122548388
225 2025 0.031502096244966665 0 0.04218984551143551 0.4267362808800915 -5.87888825751174 -3.9145360645448752 -0.5088581612893938 -4.301028839933821 0.7781509512420309
226 2034 0.03329970701498735 0 0.042189700874232836 0.4266119237257101 -5.878778418939819 -3.9155877467562923 -0.5091728811457823 -4.301029912430722 0.7781512502898175
227 2043 0.030985844345471605 0 0.042189873170779615 0.4265669071595555 -5.878743934579802 -3.898234546631362 -0.5092160063624808 -4.301028936907698 0.7781512395321764
228 2052 0.025335629334461967 0 0.0421897544451796 0.42665764031825804 -5.8788190304962855 -3.916250480885983 -0.5087679968612218 -4.301029681238239 0.7781511673067961
229 2061 0.02180586920861274 0 0.04218976393180902 0.42660188890773415 -5.878765477180991 -3.9443042791406437 -0.5086742293126253 -4.301029981810083 0.7781510038691913
230 2070 0.023928731981922795 0 0.04218961549892172 0.4266292527825618 -5.878780943781925 -3.960364864549477 -0.5088568986754586 -4.301029993044453 0.7781511012875062
231 2079 0.029780538292517037 0 0.0421896527307379 0.4266509491664437 -5.878840280718076 -4.029036181629022 -0.5086389366114352 -4.3010296698172885 0.7781511172195178
232 2088 0.03766586567381272 0 0.042189523551046014 0.42662236779487184 -5.8787960037780085 -4.043478749761204 -0.5087112226788963 -4.301029650764575 0.7781511178687228
233 2097 0.04024440109293923 0 0.042189647854830634 0.42670146757672306 -5.878876364561878 -4.061260613113683 -0.5084156933953762 -4.301029161159422 0.7781508035098528
234 2106 0.03487414775482348 0 0.04218966257758325 0.42669939186741174 -5.8788562060999565 -4.08396149239928 -0.5082050001168491 -4.301028630647753 0.7781490100462973
235 2115 0.03232435690815129 0 0.04218952797028752 0.4265988829322175 -5.87878758692588 -4.094059745318227 -0.5082919750045968 -4.3010289792241965 0.7781512483253082
236 2124 0.031518863417578265 0 0.04218945594432621 0.4266912132756976 -5.878846409537202 -4.145777984704373 -0.507625721490313 -4.301029636682445 0.7781512404828899
237 2133 0.030195728820881864 0 0.04218953790736767 0.42663285679592455 -5.878801099224428 -4.104704153471574 -0.50831444441947 -4.3010283338419875 0.7781502744281034
238 2142 0.03255670548780851 0 0.04218946827599047 0.42655463217252904 -5.8787381122894775 -4.162050934441602 -0.5083052122146658 -4.301028842212143 0.7781510604397562
239 2151 0.033544548577229064 0 0.04218933814718007 0.4266305172870561 -5.878796184713835 -4.127102867065255 -0.5082686950502645 -4.30102992714124 0.7781511364936746
240 2160 0.03553189272749942 0 0.04218936047373287 0.4266148612534561 -5.87879128841919 -4.224250660505427 -0.5077002456746843 -4.301029545376052 0.7781508826251938
241 2169 0.03621325801714447 0 0.04218925326234685 0.4266749106737841 -5.878826911892235 -4.258938738502192 -0.5077100424726368 -4.301029986680477 0.7781500829772048
242 2178 0.035467717611217066 0 0.0421892624397179 0.42659024269822365 -5.878749461219961 -4.255575755555381 -0.5077926120010712 -4.301029915025718 0.778151212126511
243 2187 0.03639152974942377 0 0.04218917344753852 0.4266274703079285 -5.878782449157233 -4.285993813478119 -0.5076994167944134 -4.301029880366934 0.7781511892978983
244 2196 0.03417716811496683 0 0.042189187780890175 0.42667075103685653 -5.878827910318395 -4.270643011006456 -0.507665742444346 -4.301029544985222 0.7781511781130374
245 2205 0.02904275791513616 0 0.04218923538036001 0.42663271523809265 -5.878800026031689 -4.2049710621059235 -0.5079166603272257 -4.301029970256136 0.778151239881766
246 2214 0.029548256977599538 0 0.04218915884670605 0.42665683380854635 -5.878805011596953 -4.376050178897825 -0.5072613799516204 -4.301029917583961 0.7781510075783636
247 2223 0.03026917285278656 0 0.042189102359961136 0.42665593309693645 -5.878812332035933 -4.348819360804344 -0.5077144307976139 -4.301029925516782 0.7781512079154246
248 2232 0.026246638894473137 0 0.04218913699904856 0.4266341894815782 -5.8787959635272795 -4.306950704560691 -0.5077551794947713 -4.301029791487313 0.7781512501122522
249 2241 0.02468778317864465 0 0.04218911973936592 0.4266683465935956 -5.878821156631688 -4.383827138300484 -0.507326938650472 -4.301029694426255 0.7781509795944196
250 2250 0.025334298749976673 0 0.042189076311731515 0.42661051950425816 -5.878786207677911 -4.437423178571334 -0.5075930948630075 -4.301029916382612 0.7781510845949069
251 2259 0.02369814772846093 0 0.04218909150510825 0.4266154261204679 -5.878778414462751 -4.371813685642337 -0.5076910954059777 -4.301029983548919 0.7781512199427276
252 2268 0.023836499867484717 0 0.04218903705791319 0.4266663727831098 -5.878828228466425 -4.426726186746284 -0.5074138961473001 -4.301029959970502 0.7781512379289534
253 2277 0.027267837642205056 0 0.04218900796083269 0.426687046206882 -5.878837861783492 -4.533804663990929 -0.5071059932937113 -4.301029740588553 0.7781510992399184
254 2286 0.03161330875291067 0 0.0421889916373334 0.4266732994560982 -5.878822429134911 -4.557335487715105 -0.5073282917361357 -4.301029856489027 0.7781509643203381
255 2295 0.03014880161865061 0 0.042188985166574586 0.4266812771130398 -5.87883214791418 -4.515754926196043 -0.5073738130443572 -4.301029986866628 0.7781512441166678
256 2304 0.029706543566456526 0 0.04218899651501726 0.4266473798659383 -5.878796328031305 -4.631346541563621 -0.5070035848054655 -4.301029966955411 0.7781509128621433
257 2313 0.028284773355441745 0 0.042188948902923476 0.4266904684736336 -5.8788356783253 -4.63340353773901 -0.5071677859876743 -4.301029912322328 0.7781510337193532
258 2322 0.028767095515666277 0 0.04218891751964727 0.42667965275518044 -5.878835613318382 -4.723565972246941 -0.5069039161533341 -4.301029878296995 0.7781512354326451
259 2331 0.03341439720314356 0 0.042188876504486626 0.4266647091594106 -5.87882261596627 -4.7730718200912365 -0.5069668769218023 -4.301029981414725 0.7781512411122694
260 2340 0.03530537422835409 0 0.04218887207149277 0.42668841701426186 -5.878844840638458 -4.81808479387645 -0.5069460607959397 -4.301029980035409 0.778151210824019
261 2349 0.0370505210543868 0 0.04218888360212843 0.4266282770139234 -5.878793876736453 -4.795467537278459 -0.5071149891805062 -4.301029882704257 0.7781512098819677
262 2358 0.041923428211384096 0 0.04218886195508199 0.4266219166878193 -5.8787894836253995 -5.019463758347961 -0.506852688625863 -4.301029995645451 0.7781511464239396
263 2367 0.04726495589545951 0 0.042188845126928345 0.42664766162801426 -5.87880169321161 -5.046413242556608 -0.506872272778958 -4.301029667208031 0.778151134144343
264 2376 0.04242450540189498 0 0.042188844946015935 0.42664478646488874 -5.878816870702095 -5.0587740642285395 -0.5069593087839233 -4.30102986683565 0.778151207653837
265 2385 0.039512272766277716 0 0.04218883744454574 0.4266806128523373 -5.87883170641743 -5.03878857823701 -0.5067333746705948 -4.301029967245887 0.778151134084556
266 2394 0.03818429022830861 0 0.042188823904837885 0.4267006177062677 -5.878851556218892 -5.098532851079776 -0.506726522696183 -4.301029923984534 0.7781512502264849
267 2403 0.034471174037212816 0 0.04218883464725761 0.42665983579795097 -5.878811059831269 -5.004024210568732 -0.5070553697047325 -4.301029943099015 0.778151242649509
268 2412 0.03225584255244294 0 0.04218882562478676 0.42667768752883894 -5.878829275169396 -5.245060640148463 -0.5066065012896571 -4.301029915922988 0.7781512500626209
269 2421 0.02961315490592315 0 0.04218879635124642 0.42665743738088585 -5.878810663644804 -5.155074617276851 -0.5068306531117509 -4.30102997885017 0.778151244699417
270 2430 0.025733167994095276 0 0.04218880068105014 0.4266458721175267 -5.878798354692982 -5.152738827777744 -0.5068971534511202 -4.3010299921090285 0.7781512493315095
271 2439 0.02412076293908852 0 0.04218880001370738 0.42665506275664034 -5.878806411388372 -5.1852592114412195 -0.506961493514261 -4.3010299802077245 0.7781512493380408
272 2448 0.020932542075383958 0 0.04218879491775545 0.42665174925885546 -5.878811983337546 -5.176298214014593 -0.5068354051938508 -4.301029994101586 0.7781512393056336
273 2457 0.021361958824170548 0 0.04218880008641849 0.4266539863122777 -5.878803906842059 -5.236995710703242 -0.506830758998215 -4.3010298573159105 0.7781512442716266
274 2466 0.02085848840383366 0 0.04218879658137449 0.4266398843362004 -5.8788055396930945 -5.243344138668547 -0.5068363917309195 -4.3010299953626845 0.7781512365560699
275 2475 0.018156453893747225 0 0.042188796048269556 0.42665740212186304 -5.878818613178489 -5.178367364657522 -0.506845087354553 -4.301029979675261 0.778151231194824
276 2484 0.017858225696386267 0 0.04218878839855539 0.4266577527290343 -5.878814825164472 -5.233128006888149 -0.5068716747876598 -4.301029961191942 0.7781512048669942
277 2493 0.01877308282577496 0 0.042188781345040005 0.42667049938244417 -5.8788241513264134 -5.266958319511342 -0.5067926644382464 -4.301029995467878 0.7781512327368537
278 2502 0.017623108381058416 0 0.04218878495214253 0.42666882619125973 -5.878821947334422 -5.225339438288573 -0.506833151819751 -4.30102996927252 0.7781512472935195
279 2511 0.016130919565504876 0 0.04218878219881446 0.4266584864086644 -5.878816671620868 -5.257483580043984 -0.5068436784487621 -4.301029991594247 0.7781512361060531
280 2520 0.01432677921846199 0 0.0421887864133178 0.42668166577473793 -5.878833925225091 -5.3035406118928154 -0.5067171791297599 -4.301029988527662 0.7781512180705513
281 2529 0.015220675099772799 0 0.04218877906948728 0.426679108955531 -5.878827099807374 -5.30346058299251 -0.5068026953728293 -4.301029995539422 0.7781512502208489
282 2538 0.015172864636968795 0 0.042188776697892574 0.42667514357381353 -5.87882588297806 -5.354086342628202 -0.5067322567151455 -4.301029983783172 0.7781512492059882
283 2547 0.01264555597675721 0 0.042188779197498964 0.4266573084157975 -5.878814462374232 -5.287487512370934 -0.5068249871743066 -4.301029977293065 0.7781512489980605
284 2556 0.011457498781608845 0 0.04218877972889827 0.4266754848412699 -5.87882367075953 -5.311345741661653 -0.5067634965746848 -4.30102998651788 0.7781512503355591
285 2565 0.011534478645897555 0 0.042188775641023635 0.42666729279366933 -5.878822131997903 -5.35301081124319 -0.506755798873739 -4.301029976888875 0.7781512502611607
286 2574 0.011156202158246486 0 0.04218877455770627 0.4266729917107266 -5.8788248547166475 -5.3547834429330825 -0.5067443355958713 -4.301029995651124 0.7781512500404123
287 2583 0.012696292097732334 0 0.042188773101510944 0.42666413417826776 -5.87882069034384 -5.34275131691762 -0.5068020279492144 -4.301029995157764 0.7781512499315459
288 2592 0.014747819223892764 0 0.042188772398362655 0.4266694039187275 -5.878823270831175 -5.389981858378645 -0.5067591986057706 -4.301029973286113 0.778151242015573
289 2601 0.016852499446076284 0 0.04218877010424116 0.42667052344945605 -5.87882388779379 -5.387555366857951 -0.5068146227516326 -4.301029995576447 0.7781512394586222
290 2610 0.017228732797963383 0 0.042188770561221514 0.42667371092512446 -5.87882602088596 -5.40485632533955 -0.5068029234814727 -4.301029988275299 0.7781512293901024
291 2619 0.0157928006459075 0 0.04218877125860082 0.4266748952592024 -5.87882840226132 -5.425770782041607 -0.506725279307261 -4.301029995595752 0.7781512391059576
292 2628 0.015296148629621012 0 0.0421887712489362 0.42667296776262936 -5.878825650662456 -5.51083328123453 -0.5066887401401363 -4.301029948883661 0.7781512489390247
293 2637 0.01372745982476511 0 0.042188771600103356 0.4266599532971531 -5.878815101569798 -5.441099885179985 -0.506744372054736 -4.301029965944689 0.778151249092678
294 2646 0.01304389023677277 0 0.042188766632122884 0.4266666829605658 -5.878822208407269 -5.467853234827889 -0.5067480613616552 -4.301029995027507 0.7781512406595789
295 2655 0.012973647870223506 0 0.04218876616911049 0.42666464589152775 -5.878819301565682 -5.457640587472783 -0.5067558479786933 -4.301029994338325 0.7781512472714733
296 2664 0.014927028119816914 0 0.042188763636522644 0.4266609305669459 -5.878817844497959 -5.575688453878107 -0.5067277009310013 -4.301029992545157 0.7781512357830346
297 2673 0.01571265522886416 0 0.042188763390371906 0.42665572404532126 -5.878813600497884 -5.5683869128029695 -0.5067515635674974 -4.301029995200525 0.7781512314609451
298 2682 0.015850958344479214 0 0.04218876126791499 0.42666535815342077 -5.87882090610374 -5.531123898649036 -0.5067775131771737 -4.301029994366657 0.7781512377582184
299 2691 0.015234060757740841 0 0.04218876022299898 0.42666926865174876 -5.8788225442364626 -5.5548511310463216 -0.5067504622622292 -4.301029995617742 0.7781512411754453
300 2700 0.016017112450653934 0 0.04218875985973362 0.4266673274850815 -5.878820070448739 -5.5511619774597 -0.5067630676948773 -4.301029995626691 0.7781512443698365
301 2709 0.02016269219202849 0 0.042188755228246846 0.4266755784671001 -5.878829513763151 -5.710425210428087 -0.5067474458099016 -4.301029995648967 0.7781512343475326
302 2718 0.02315929046446695 0 0.042188754637298875 0.4266595595037714 -5.878815715080677 -5.6930553763324525 -0.5067881229403675 -4.301029994268383 0.7781512312986113
303 2727 0.02618862039652913 0 0.04218875566524243 0.42665868339777513 -5.878819262869057 -5.826389506696216 -0.5067418596769077 -4.301029978305399 0.7781512401331803
304 2736 0.026679554943581932 0 0.04218875821746718 0.42668131207438176 -5.878833165678152 -5.772817860914301 -0.5066713851619189 -4.301029964917765 0.7781512489735523
305 2745 0.024392086670721645 0 0.04218875817399032 0.42666255583685203 -5.878816969920281 -5.77138634710113 -0.5066811080970958 -4.301029995651132 0.7781512463915033
306 2754 0.021849201623053337 0 0.042188755101945905 0.4266668951128004 -5.878819097416438 -5.82863692310486 -0.5066971549506387 -4.301029990932453 0.7781512204864075
307 2763 0.019693702303578857 0 0.04218875276674339 0.4266680618490138 -5.878822336464194 -5.79210936139845 -0.5067424686718943 -4.301029985258796 0.7781512241343714
308 2772 0.01814579762994778 0 0.04218875191293972 0.42666831002421757 -5.8788235845177566 -5.846129847231167 -0.506715419348479 -4.301029993685371 0.7781512301431818
309 2781 0.015767080692933925 0 0.04218875183569499 0.4266740979098552 -5.878826981574481 -5.840909190175036 -0.5066990436186526 -4.3010299946586885 0.7781512392832386
310 2790 0.016708035116362152 0 0.042188749681534084 0.42667436413889515 -5.878824903305053 -5.872933000637793 -0.5067323886580816 -4.301029991162959 0.7781512449545123
311 2799 0.0172311368665267 0 0.04218874818434202 0.42666897925216546 -5.878822596443453 -5.910196032484748 -0.5067407356264133 -4.301029994290704 0.7781512360136155
312 2808 0.018746012601919035 0 0.0421887488213186 0.4266716236460849 -5.878825961383757 -5.938202834057503 -0.5067010261329544 -4.301029990087073 0.7781512503790478
313 2817 0.018847062720166907 0 0.0421887470728391 0.4266742843763661 -5.8788259584999 -5.968326556879569 -0.5067228568638754 -4.301029995505597 0.7781512446985576
314 2826 0.020779509063324344 0 0.042188747674453575 0.4266606849448527 -5.878818231695658 -5.981037187014321 -0.5067438693356549 -4.301029991378145 0.7781512395211287
315 2835 0.02267932520512635 0 0.04218874560371028 0.4266652512094561 -5.878820621888319 -5.977785486410923 -0.5067650250667796 -4.301029995295816 0.7781512503706636
316 2844 0.021012904748794855 0 0.04218874639526867 0.4266645379021273 -5.878819170558744 -5.973137863726128 -0.5067639390576402 -4.301029991135725 0.7781512422579524
317 2853 0.018095188549397904 0 0.04218874629851686 0.4266596893220168 -5.878815242579374 -5.965265406989361 -0.506745319368194 -4.3010299950867354 0.7781512500998726
318 2862 0.017269996357367774 0 0.042188746087402224 0.4266630205696557 -5.878818077566263 -5.970318866275316 -0.5067525092012252 -4.301029994757988 0.7781512442034408
319 2871 0.015738305101283146 0 0.04218874604682268 0.4266646963062703 -5.878819044976466 -5.995288226660811 -0.506734465441294 -4.301029987664997 0.7781512484789972
320 2880 0.014886782132695757 0 0.04218874579078161 0.4266721525948999 -5.878824964073198 -5.9972388011904245 -0.5067320394607935 -4.301029995117369 0.778151248350867
321 2889 0.014066680234140951 0 0.042188745445744275 0.42666629361357733 -5.878821656398709 -5.9971708537227615 -0.5067380733136828 -4.301029995426506 0.778151250383519
322 2898 0.014360578890154579 0 0.042188745725524474 0.4266615886570661 -5.878815156372852 -5.999911517074294 -0.5067480044035373 -4.301029993027194 0.7781512503767407
323 2907 0.013718996735727679 0 0.04218874578598542 0.42666555362279235 -5.878819254661702 -5.997381177232878 -0.5067492739432515 -4.301029983993047 0.7781512503823252
324 2916 0.013393649062191886 0 0.04218874561887527 0.42666876694828115 -5.878821647529897 -5.99940722001238 -0.5067452421150841 -4.301029990315385 0.7781512493471925
325 2925 0.0121121120578799 0 0.04218874530917196 0.42666919171136847 -5.878822417029201 -5.999997166933113 -0.506734837230348 -4.301029994951538 0.7781512501898307
326 2934 0.011669396811286108 0 0.04218874541703638 0.42665970440568307 -5.878815757600482 -5.999159199682397 -0.5067686724065947 -4.301029993114737 0.7781512493234837
327 2943 0.01172487558428723 0 0.042188745172268546 0.42666012254365104 -5.878815366443548 -5.99898995322793 -0.506766387726991 -4.301029995587122 0.7781512498625852
328 2952 0.01061236008715918 0 0.042188745088811236 0.4266614530158601 -5.878817110438137 -5.999465598583603 -0.5067559003684896 -4.301029995660086 0.778151250345847
329 2961 0.009629817029110444 0 0.04218874505337151 0.42666341096218124 -5.878818395725989 -5.999212502053784 -0.5067554429074053 -4.301029995469985 0.7781512494414472
330 2970 0.0081831536810972 0 0.04218874503192183 0.42666201342136767 -5.878816714967793 -5.999839223196353 -0.5067651208464531 -4.301029995647606 0.778151250351328
331 2979 0.006935075672785439 0 0.04218874495476385 0.42666466494556876 -5.878819252976234 -5.999543255831005 -0.5067553359984557 -4.30102999560357 0.7781512503769438
332 2988 0.006429278647083853 0 0.0421887449913835 0.42666302383949284 -5.878818157655326 -5.998824538506317 -0.5067559701383016 -4.301029995662721 0.778151250345958
333 2997 0.00547040907352048 0 0.042188744972820366 0.4266639785521133 -5.878818284264873 -5.9999225709327 -0.5067599193943446 -4.3010299956044635 0.7781512503593601
334 3006 0.004953822298362606 0 0.04218874496054947 0.4266649315980559 -5.878819152665034 -5.999424188310563 -0.5067529185635143 -4.301029995611843 0.7781512503830678
335 3015 0.004319187691923293 0 0.04218874495045849 0.42666507391968084 -5.8788192546619955 -5.9999521718681725 -0.5067547874428231 -4.301029995649657 0.7781512503778886
336 3024 0.0040074022344810814 0 0.04218874494829422 0.426664278507889 -5.878819098370128 -5.9999922899242595 -0.5067576302734419 -4.301029995656282 0.7781512503805906
337 3033 0.0038974700560942175 0 0.04218874495400081 0.4266645063872366 -5.878819242040989 -5.999855242945238 -0.506758553924205 -4.301029995594264 0.7781512503799619
338 3042 0.0034840828898724976 0 0.04218874495451065 0.42666377392357274 -5.878818654087073 -5.999822425030001 -0.5067601555672573 -4.301029995628097 0.778151250382767
339 3051 0.003158666286734363 0 0.042188744953908335 0.4266639763689014 -5.878818759492125 -5.999981151292337 -0.5067583655169428 -4.301029995662751 0.7781512502486685
340 3060 0.0030131259005394474 0 0.04218874494669666 0.42666416116778955 -5.878818553399912 -5.99983654719387 -0.5067572071175459 -4.301029995644591 0.7781512503830883
341 3069 0.0027552280592595033 0 0.042188744942940226 0.42666436614179626 -5.878818924457463 -5.999835853962304 -0.5067577690103864 -4.301029995660455 0.7781512503793384
342 3078 0.002531259626275015 0 0.04218874493898814 0.4266645452669585 -5.878819095949012 -5.999996176125188 -0.5067556914578969 -4.301029995622781 0.7781512503740488
343 3087 0.0022794864215810394 0 0.04218874493526954 0.4266642064793329 -5.878818710902445 -5.999940108839228 -0.5067553396592129 -4.3010299956622635 0.7781512503627206
344 3096 0.002318612315386925 0 0.04218874493549203 0.4266641242157332 -5.878818683408187 -5.999984626149803 -0.5067560910970962 -4.301029995654995 0.7781512503797966
345 3105 0.001929797017167483 0 0.0421887449380544 0.42666450409093587 -5.878819071212658 -5.999943906524172 -0.5067565990677048 -4.301029995657445 0.77815125037226
346 3114 0.001700955937227377 0 0.04218874493267371 0.4266647238980829 -5.878819330919838 -5.999999713875205 -0.5067555941979878 -4.301029995661261 0.7781512503735366
347 3123 0.0014514668818975981 0 0.04218874493454673 0.42666454909347024 -5.878819127902249 -5.999999501804921 -0.5067551062564457 -4.30102999565916 0.7781512503806292
348 3132 0.0012531368461057507 0 0.042188744936066745 0.42666451500165076 -5.8788190899649 -5.999999994053697 -0.5067560964888449 -4.301029995662982 0.778151250370028
349 3141 0.0010616507920757426 0 0.042188744931411955 0.42666437064843493 -5.878819021492794 -5.99999138467047 -0.5067553624855698 -4.3010299956634155 0.778151250369242
350 3150 0.0008908949983181505 0 0.04218874492987136 0.42666442437327445 -5.878819067249477 -5.999999447344002 -0.5067558674706928 -4.301029995663733 0.7781512503800566
351 3159 0.0007991737862869522 0 0.04218874492894831 0.426664090356607 -5.878818722116314 -5.999997205363197 -0.5067563718621632 -4.3010299956637414 0.7781512503832333
352 3168 0.0007656219856441215 0 0.04218874492827127 0.42666422776883883 -5.878818890241863 -5.9999862381865805 -0.50675592684032 -4.301029995657137 0.7781512503801644
353 3177 0.0007390154661664857 0 0.042188744932702804 0.42666423198817466 -5.8788188750158765 -5.999972555499276 -0.5067558435809326 -4.301029995662108 0.7781512503796095
354 3186 0.0007632751900772035 0 0.04218874493199953 0.42666422003014 -5.878818871088615 -5.999979472060073 -0.5067558496621153 -4.301029995662646 0.7781512503699268
355 3195 0.0006559422183129733 0 0.04218874492881642 0.4266642716263098 -5.878818904085231 -5.999998320886752 -0.5067558401761556 -4.3010299956613185 0.7781512503829788
356 3204 0.0007177990526820711 0 0.04218874493134713 0.42666452457025594 -5.8788190785219925 -5.999997921340134 -0.5067558277934058 -4.301029995661452 0.778151250378733
357 3213 0.0006680551662076813 0 0.04218874492974212 0.42666444622694444 -5.878819050198429 -5.9999974878426805 -0.5067555741569442 -4.301029995663125 0.7781512503826873
358 3222 0.0006025980906255448 0 0.04218874493132367 0.4266642738717593 -5.878818918260426 -5.999992056069927 -0.5067556809322975 -4.301029995662342 0.7781512503826288
359 3231 0.0005726109913076772 0 0.04218874493197642 0.4266643039983678 -5.878818915503929 -5.99999746146384 -0.5067561063912689 -4.301029995658227 0.7781512503836249
360 3240 0.0006207614645809345 0 0.04218874493110123 0.4266640752790651 -5.878818773691701 -5.999986024065065 -0.5067560340746654 -4.301029995660511 0.7781512503836433
361 3249 0.0006187130312823448 0 0.0421887449335593 0.426664427244404 -5.878819038765339 -5.999994203238953 -0.5067560111305415 -4.301029995656163 0.7781512503836426
362 3258 0.0006440120500280927 0 0.04218874493273156 0.4266642720091344 -5.878818919098515 -5.999999971712514 -0.5067564915708526 -4.301029995653977 0.7781512503834658
363 3267 0.0006195302959277297 0 0.042188744932929345 0.4266641525930006 -5.878818796379605 -5.999999264779634 -0.5067559407962223 -4.301029995659128 0.7781512503827634
364 3276 0.000575970953299386 0 0.04218874492989892 0.4266643315698455 -5.8788189405809375 -5.999999962130072 -0.5067564211262408 -4.301029995650737 0.7781512503835794
365 3285 0.0005228232046214892 0 0.042188744930230504 0.42666421637007595 -5.878818862768522 -5.999998960109534 -0.5067562953727575 -4.301029995653167 0.778151250383296
366 3294 0.0005452413296366797 0 0.04218874493290973 0.4266641150467652 -5.8788187484868155 -5.99999933838412 -0.5067562902201334 -4.301029995651062 0.7781512503833169
367 3303 0.0005116668660684223 0 0.04218874493150938 0.42666421183304215 -5.878818846947939 -5.9999958360588055 -0.5067559846096188 -4.301029995659065 0.7781512503819664
368 3312 0.0005459320921354793 0 0.04218874493161483 0.4266644793714694 -5.8788190366755835 -5.999996004990678 -0.5067554371883879 -4.30102999566072 0.7781512503836224
369 3321 0.0005012183856554538 0 0.04218874493288075 0.42666407443552684 -5.878818708452331 -5.999999906168086 -0.5067561676503589 -4.301029995658429 0.7781512503819973
370 3330 0.0005009980284299878 0 0.042188744933786416 0.4266641819245669 -5.878818801432796 -5.9999816739521 -0.5067560819747902 -4.301029995658876 0.7781512503836352
371 3339 0.0005314343686099132 0 0.042188744932593406 0.42666409955951484 -5.878818732669067 -5.999988145252976 -0.5067559779416059 -4.30102999565822 0.778151250383325
372 3348 0.0005112518002673205 0 0.042188744931057565 0.4266643119022865 -5.87881891300495 -5.999983705895116 -0.5067560352090155 -4.301029995655101 0.7781512503812251
